22222222
22222222
22222222
22222022
02221222
20121222
02220222
00212222
02222222
02022222
02221222
22221021
02221222
02201222
00221122
12202122
12220212
12220012
21000022
20122021
02220000
22220012
02220001
20020012
22210000
02220100
22200000
02220100
22200020
02200100
22200220
22220220
02201100
22220220
22021221
21200221
22102221
21220112
11001212
21221212
21020212
01221220
21221220
21220202
21221221
21222202
21121220
20220202
01220202
01220202
21220202
00201102
21220212
01202201
00201112
01202201
21202201
01202201
21202201
01202201
01202001
21212021
21010221
22120120
01000100
02000100
22202220
