11012021
11012021
01121121
00212002
11102111
11102111
11102111
11102111
20122221
20122221
20122221
22012211
22012211
22012211
22012211
22001112
22001112
22012211
22012211
22012211
22012211
22012211
22012211
22012211
10201222
10201222
10201222
10201222
10202222
10201222
22012211
21101010
22012211
20111020
20111020
20111020
22012211
22012211
22012211
22012211
22012211
22012211
00212112
22012211
00212112
00212112
00212112
00212112
01000020
01000020
01000020
01000020
01000020
01000020
01000020
01000020
01000020
01000020
22012211
