01102000
01102000
22002102
00010101
12022101
22002102
20110000
20110000
20110000
20110000
20110000
11102021
11102021
20110000
20110200
20110200
20110200
20110200
20110200
20111020
20111020
20111020
01001020
20111020
20111020
00212002
00212002
00212002
20111020
11000020
20121020
22012211
21101010
21101010
22012211
22012211
22012211
10201222
02212110
22012211
02212110
02212110
02212110
02212110
02212110
02212110
22012211
10201222
02212110
22012211
22012211
22012211
22012211
22012211
22012211
21101110
21001010
11101010
11101010
