12121102
12121102
21002220
12220101
21022201
20002220
21022201
01211012
01211012
21101010
21022201
21022201
22001112
21022201
21022201
22001112
22001112
02212110
02212110
02212110
02212110
02212110
02212110
02212110
02012110
22012211
22012211
22012211
22012211
02212110
02212110
02212110
22012211
10201222
21101010
10201222
10201222
02212110
10201222
02212110
02212110
02212110
02212110
02212110
02212110
02212110
02212210
02212110
02212110
21001010
21001010
21101010
21101010
21101110
21001010
21001010
21001010
11121010
21101010
