01101020
01101020
00210000
11020202
11020202
11020202
12210102
22102012
01212022
01212022
01212022
01212002
01212022
01212022
12212000
12212000
12212000
12212000
12212000
12212000
12212000
12212000
12212000
12120102
02220002
12212000
12212000
12212000
12212000
22012211
02220002
12212000
12212000
22012211
22012211
12110102
12110102
12222000
12222000
12110102
00222221
12212000
12202000
12202000
12110102
12202000
12202000
12110102
12120102
12110102
12110102
12110102
12110102
10110102
12110102
12110122
12110102
12110102
12110102
