10120211
10120211
01121112
20111011
11122202
22001112
12212000
22001112
22012211
22012211
22012211
20122221
01101210
20111020
20122221
22012211
01101210
01101210
20110200
20110200
20110200
11102111
20110200
11102111
11102110
11102111
20111020
22012211
22012211
22012211
22012211
22012211
22012211
02212110
02212110
22012211
02212110
22012211
22012211
20111020
02212110
02212110
02212110
22012211
02212110
22012211
12002000
22012211
20111020
20111020
20111020
00212112
00212112
12002000
00212112
00212112
00212112
00212112
22012211
