21101002
21101002
02211100
11102202
12202101
12202101
12202101
12202101
12202121
00112101
21002010
21002010
21002010
02012101
20201001
20201001
10220210
10220210
02012001
02012101
20201201
01220201
01220201
01220201
01120201
21202212
01220201
01220201
01220201
01220201
01220201
01220201
01202212
10220210
10220210
12201110
12201110
00222221
00222221
00222221
12212000
12212000
02110102
12212000
12212000
02110102
12212000
12212000
12212000
12212000
12212000
12212000
12212000
12212000
12212000
12012000
12212000
12212000
12212000
