11102111
11102111
00010220
00010220
00000220
21202122
01202212
11122202
01202212
20222121
01000020
20222121
00212002
11102111
11102111
11102111
11102111
11102111
01000020
01000020
01000020
01000020
01000020
01000020
01000020
01000020
01000020
01000020
01000020
11000020
11122202
00212002
01000020
00212002
11122202
11122202
00212112
00212112
00212112
00212112
00212112
11122202
01000020
11122202
11122202
01000020
01000020
01000020
11122202
11122202
11122202
11122202
11122202
11022202
11122202
01000020
01000020
01000020
01000020
