00020111
00020111
01112110
11122202
11122202
11122202
11122202
11122202
11122202
11122202
11122202
20222121
11122202
01011001
01000020
00212002
00212002
00212002
00212002
00212002
01000020
01000020
11122202
01000020
11000020
11000020
11000020
11000020
11000020
11122202
11000020
01000020
01020020
00212002
01020020
01000020
01000020
01000020
01000020
01000020
01000020
01000020
01000020
01000020
01000020
01000020
01000020
01000020
11122202
01000020
11122202
11122202
11122202
01000020
11122202
01000020
11122200
01000020
12201110
