22210222
22210222
21210010
20200221
20221212
11012022
11012022
11020202
12110102
12110102
02220002
12110102
12110102
12110102
12110102
12110102
02220002
02220002
02220002
02220002
02220002
02220002
12212000
12212000
11110102
12212000
12110102
02220002
12212000
12212000
12212000
12212000
12212000
12212000
12212000
12212000
12212000
12212000
12212000
12212000
12212000
12212000
12212000
12212000
12212000
12212000
12212000
02110102
02110102
12212000
12212000
12212000
12212000
12212000
12212000
12212000
12212000
10122202
02212000
