00002111
00002111
11210210
11210210
21002012
21102012
22211212
12210221
12210221
12210221
12210221
12210221
12210221
12210221
12210221
12210221
12210221
00111120
12210221
01220201
20221201
01202212
01202212
20221201
01202212
01202212
01202212
01202212
20201201
20201201
20201201
12200110
20201201
12201110
12201110
12201110
00222221
00222221
12201110
12212000
12212000
12212000
12212000
12212000
12112000
12201110
12201110
11122202
20201201
20201201
12201110
12201110
12201110
12201110
12201110
12201110
12201110
12201110
12201110
