01121212
01121212
10021122
21101010
22220222
22220222
01201120
10012020
01201120
20122221
20122221
22012211
22012211
22012211
22012211
22012211
21101010
22012211
22012211
22012211
22012211
02202110
21101010
21101010
21101010
10200222
21101010
10211222
21101010
21101010
21101010
21101010
21101010
21101010
21101010
21101010
21101010
21101010
21101010
21101010
12211000
21101010
21101010
21101010
10201222
21101010
21101010
21001010
21001010
21101010
21101010
21101010
21101010
21001010
21101010
21101110
21001010
21001010
21001010
