11222021
11222021
02101001
01220201
01220201
12210022
21010022
10220210
10220200
10220200
10220202
10220210
10220210
12210221
10220210
10220210
10220210
10220210
10220211
10220210
12110102
12110102
02012001
02012001
10220210
10220210
10220210
01202212
01202212
01202212
20201201
10220210
10220210
10220210
10220210
11122202
12210221
12210221
20201201
01220201
20201201
01220201
20201201
20201201
00222221
12201110
12201110
12201110
00222221
12201110
00222221
12201110
12201110
02201110
12212000
12212000
12212000
12201110
12201110
