12211221
12211221
22102210
10120111
00202121
00202121
10120111
10120111
10120111
01000020
01000020
01000020
01000020
01000020
00212002
00212102
11102111
00212102
00212102
00212102
10022101
00212102
00212112
10022101
00212110
00212112
00212112
00212112
00212112
10022101
10022100
11122202
11122202
11122202
11122202
00212112
11122202
11122202
10022100
11122202
11122202
11122202
10022100
01000020
01000020
10022100
01000020
10022100
10022100
10020100
10020100
10020100
10022100
10020100
10000100
10020100
10020100
10020100
10020100
