00122002
00122002
00010220
21022201
20002220
21022201
20002220
21022201
20002220
21022201
20002220
21022201
11212202
21022201
11212202
21022201
11212202
21022201
20002220
21022201
20002220
20002220
20002220
20002220
20002220
20002220
20002220
20002220
20002220
20002220
20002220
20002220
20002220
20002220
20002220
20002220
20002220
20002220
20002220
20002220
20002220
02212110
20002220
12211000
12211000
12211000
12211000
21000010
12211000
20002220
20002220
20002220
20002220
20002220
20002220
20002220
20002220
22012211
12110102
