02111002
02111002
00010220
01202212
01202212
01202212
01202212
11122202
01202212
01202212
01202212
01202212
01202212
11122202
00212002
01011001
00212002
01200020
01200020
20110000
01200020
11122202
01000020
00212112
01000020
00212112
01000120
01000020
01000020
01020020
01000020
01000020
01000020
01000020
01000020
01000020
01000020
11122202
11000020
01000020
01000020
01000020
01000020
01000020
11000020
01000020
01000020
11122202
01000020
01000020
01000020
11122202
11122202
12201110
11122202
10020100
10020100
10020100
01000020
