00110100
00110100
01120000
12101211
21022000
21010022
01011001
21010022
02101211
01011001
02100111
21020222
20110000
20110000
01000020
20110200
20110200
20110200
11102111
11102111
11102111
11102111
20110000
01000020
01000021
01000020
11000020
11000020
01000022
01000022
00212002
01000020
11122202
01000020
01020020
01000020
01000020
01000020
11000020
01000020
01000020
01000020
01000020
01000020
11000020
01020021
01020021
11122202
11122202
11000020
11000020
01020021
01000020
12201110
11122202
11122202
11122202
11122202
12201110
