11212112
11212112
12120221
00120200
12202101
12202101
12021212
12202101
12202101
01220201
21002010
10220210
21002010
00112101
10220210
20201201
20201201
00111120
12210221
02012101
01220201
02012101
10220210
10220210
12110102
12110102
20201201
20201201
20201201
20201201
20201201
12200110
12200110
10220210
10220210
12201110
00222221
00222221
00222221
00222221
12212000
12110102
12222000
12202000
12212000
12212000
12212000
12212000
12212000
12212000
12212000
12212000
12212000
12212000
12212000
12212000
12212000
12112000
12112000
