00200000
00200000
20220022
01110020
02020220
02121012
11020202
11020202
01011020
11012022
12212000
12110102
00221001
02220002
12212000
12212000
12212000
12212000
12212000
12212000
02220002
02220002
02220002
12110102
12212000
12212000
12110102
11110102
11110102
11110102
22012211
12110102
12212000
12110102
12110102
12110102
12110102
12110102
12222000
12110102
22012211
12212000
12110102
12212000
12110102
12212000
12211000
12212000
12212000
12212000
12212000
12212000
12212000
12212000
12212000
12212000
12212000
12212000
10110102
