10101100
10101100
22102120
02121012
12110102
12110102
12110102
01011020
00221001
20210021
12212000
12212000
12212000
12212000
12212000
12212000
12212000
12212000
12212000
11012022
12012000
12212000
12212000
02221002
02220002
12212000
02220002
12212000
12212000
12212000
12212000
12212000
12212000
12212000
12110102
12110102
12110102
12110102
12110102
12212000
12212000
12212000
12212000
12212000
12212000
21101010
12212000
12212000
12212000
12212000
12212000
12212000
12212000
12212000
12212000
12212000
12110102
12110102
22002220
