21110111
21110111
12212000
12212000
12212000
20221021
10022020
12212000
11012022
10022020
12212000
12212000
10022020
10022020
12212000
12212000
12212000
21022201
12212000
12212000
02212110
02212110
02212110
02212110
02212110
22012211
22012211
12212000
12212000
12202000
22012211
12202000
12202000
12202000
12110102
12110102
12110102
12110102
12110102
12110102
12212000
12110102
12110102
12212000
12110102
12110102
12110102
12110102
12110102
12110102
12212000
10110102
10110102
10110102
10110102
10110102
11122202
11122202
10110102
