22222222
22222222
02222222
12202222
12022220
12202222
12022220
12222222
12222220
12200212
12202112
12201211
22202222
12220212
12220222
10201222
12200112
02220202
22100012
22100112
22222021
00002022
00002122
00202122
00002122
02102122
02200222
02022122
02121122
02010221
10102022
02010200
02000120
02110221
02210221
22010221
22020211
21020201
21020121
11020201
21120211
21020001
20020001
20010001
12021001
11021121
20220220
20200221
21120200
22121120
11120201
22121120
22121121
11120221
11120221
11122201
21122201
12120120
11221020
12120120
21120000
12110120
22220220
22220220
02120201
21021221
21122121
