12112111
12112111
22112011
11022000
12020010
12020010
11022000
10222011
21022000
11022000
10222011
20021110
12202101
10220202
10220210
00112101
10220210
10220210
02012101
02012101
10220210
02002101
02012001
10220210
10220210
10220210
10220210
01202212
01202212
01220201
01220201
01220201
10220210
01220201
11122202
11122202
11122202
11122202
11122202
11122202
11122202
11122202
12201110
12201110
12201110
12112000
12112000
12112000
12112000
12201110
12201110
12201110
12201110
12201110
12201110
12201110
12201110
12201110
12201110
