22002012
22002012
20110000
20110000
21111001
10112122
10020011
21111001
20110000
20110000
20110000
22001112
22012211
20110000
22012211
22012211
20110000
22012211
22012211
22012211
21101010
10201222
10201222
10201222
21101010
21101010
21101010
21101010
21101010
21101010
21001010
21101010
21101010
02212110
10201222
02212110
10201222
10201222
21001010
21101010
21002010
21101010
21101010
21101010
21101010
21101010
21101010
21101010
21001010
21001010
02212110
02212110
21001010
11101010
21001010
21001010
11101010
21001010
10201222
