22102120
22102120
10022020
10022020
10022020
20221021
10022020
10022020
10022020
10022020
10022020
10022020
12212000
10010222
10010222
10010222
10010222
11122021
11212202
11212202
11102021
11102021
11102021
12201110
11102021
11102021
11102021
11102021
12212000
11102021
20002220
11110102
11110102
11110102
11110102
11110102
11110102
11110102
12212000
12110102
12222000
12212000
12212000
12212000
12212000
12212000
12222000
12212000
12212000
12212000
12212000
12212000
12212000
12212000
12212000
12212000
12212000
12110102
12110102
