12122101
12122101
21022000
02210120
02201101
02201101
00212002
12201110
01011001
11102111
01000020
20222121
00212002
11102111
11102111
11102111
01000020
00212102
00212102
00212102
00212102
00212102
00212112
00212112
00212110
00212112
00212112
10022101
10022101
10022101
11000020
01000020
11122202
11000020
11000020
11122202
11000020
10022101
11122202
11122202
12201110
12201110
12201110
12201110
10022100
12200110
12201110
22201110
11122202
12201110
12201110
12201110
12201110
12201110
10020100
10020100
10020100
10020100
10020100
