12200202
12200202
00200022
02000011
22102120
00020222
12110102
12110102
21002012
12110102
02220002
10010222
10010222
11012022
10022020
10010222
11012022
11012022
10010222
02220002
12212000
02220002
00222221
00222221
00222221
00222221
00222221
00222221
00222221
12212000
12212000
20002220
11110102
12211000
12211000
12212000
12212000
12212000
12212000
12212000
12212000
12212000
12211000
12110102
12110102
12110102
12211000
12110102
12110102
10110102
12110102
12110102
12110102
12110102
10110102
10110102
10110102
22002220
12110102
