12200212
12200212
10112010
20210122
12021212
12021212
22212101
22212101
00111122
20201201
00111120
20201201
11022000
20201201
11022000
20201201
20221201
02012101
12210221
10220211
02012101
01202212
12201110
12201110
01202212
01202212
11201110
01202212
01202212
11122202
01202212
12201110
11122202
11122202
11000020
11000020
01220201
01220201
01220201
11122202
11122202
11122202
20201201
11122202
12201110
12201110
12201110
12201110
12201110
12201110
01000020
20201201
20201201
11112202
11122202
11122202
11122202
12212000
12201110
