00201201
00201201
21010212
02220101
21100211
02220101
21100211
01202212
21100211
01202212
02220101
21202212
01202212
11122202
11122202
11122202
11122202
01000020
01000020
01000010
01000020
11122202
01000020
11122202
01000020
01000020
01202212
01202212
11122202
11122202
11122202
12210221
11122202
10220210
01220201
01220201
00222221
01220201
01220201
01220201
11122202
20201201
11122202
11122202
00222221
11122202
12201110
11122202
11122202
11122202
11122202
11122202
11122202
11122202
11122202
11122202
11122202
11122202
11122202
