22111011
22111011
12101112
02122102
10022101
02122102
02122102
10022101
10022101
10022101
10022201
10022101
10022101
10022101
10022101
10022101
10022101
10022101
10022101
10022101
10022101
10022100
10022101
10022101
10022101
10022101
10022101
10022100
10022100
10022100
10022100
10022101
10022101
10022100
10022100
01000020
00212112
00212112
10022100
10022100
10022100
00212112
00212112
00212112
00212112
22012211
01000020
00212112
22012211
01000020
01000020
10022100
01000020
01000020
01000020
01000020
11122202
01000020
01000020
