22222222
22222222
02222222
22222222
22220212
22222221
22220211
22222220
02222221
22202122
22200122
10220222
12120222
10210222
12120222
02221122
21202222
21202102
21202102
12220112
01102212
02021222
01122212
02021202
22102101
00221222
22202220
22220220
02222021
02222021
02220021
02020021
02120001
12020021
02121001
21222210
20200211
20200211
20200201
22222121
21220210
21220212
21222220
21221222
11121202
21222222
11221202
11220202
11021202
11221022
11201202
01001202
11221222
21100011
22100011
11221220
11211120
11202201
01202201
11200112
02200012
01000110
01200120
22120120
01000200
02000100
22202020
