10200100
10200100
12002011
01202212
01202212
01202212
01202212
21100211
01202212
01202212
21100211
21100211
21100211
01202212
21100211
21100211
00212002
01000020
20222121
21222121
01000020
00212112
11122202
01000020
00212112
00212112
11122202
11000020
01000020
11000020
11000020
01000020
11000020
11000020
01000020
01000020
01000220
11122202
11000020
01000020
11122202
20111120
01000020
01020020
11122202
11222202
01000020
01000020
01000020
01000020
11122202
11122202
01000020
01000020
01000020
01000020
10020100
10020100
10020100
