10221210
10221210
21010022
21120120
01120022
01120022
12012212
20222112
20222112
20222112
12201110
20222112
12201110
12201110
12201110
12201110
12201110
12201110
12201110
12201010
12201110
12201110
12201110
12201110
12201110
12201110
12201110
01202212
12201110
12201110
12201110
12201110
12201110
12201110
12221110
12201110
12201110
12201110
12201110
12201110
12201110
12201110
12201110
12200110
12201110
11122202
11122202
12201110
12201110
12201110
12201110
12201110
12201110
12201110
12201110
12201110
10020100
10020100
10020100
