10022111
10022111
12020011
10010222
10010222
11210120
00222221
00222221
10010222
10010222
10010222
00222221
10010222
10010222
10010222
00222221
00222221
00222221
00222221
00222221
00222221
00222221
00222221
00222221
00222221
00222221
00222221
12201110
00222221
12201110
12201110
12201110
12201110
12201110
12201110
12201110
12201110
12201110
12201110
12201110
12201110
12212000
12212000
12201110
12212000
11212000
12201110
12201110
11212000
11212000
12201112
12212000
12201112
11122202
10122202
11122202
10122202
11122202
10122202
