02111201
02111201
00010220
00010220
01202212
01202212
11122202
11122202
11122202
11122202
21100211
21100211
21100211
01202212
21100211
21100211
21100211
21222121
01200020
21222121
01200020
11122202
11122202
01200020
11122202
11122202
01000020
11000020
01000020
11000020
01000020
11000020
11000020
01000020
01000020
01000020
01000220
11122202
11000020
11000020
11000020
01000020
01000020
01000020
01000020
01000020
01000020
11122202
11122202
01000020
01000020
11122202
12201110
01000020
01000020
01020021
12201110
12201110
12201110
