21201011
21201011
01022211
20002202
20111201
01100020
20222121
20222121
21222121
22222121
01000020
22001211
01000220
11122202
01000020
20222120
21222121
00212002
01000020
21222121
21222121
11122202
21222121
11122202
01000020
11122202
11122202
11122202
11000020
11122202
11122202
11122202
11122202
11122202
01000020
01010020
01020020
11122202
02000020
11122202
01000020
01000020
01000020
11120202
11122202
11222202
11122202
11122202
01000020
01000020
01000020
12201110
11122202
10020100
01000020
10000100
10020100
10020100
10020100
