00121210
00121210
21012220
00000112
11122202
11122202
11122202
11122202
11122202
11122202
11122202
11122202
11122202
11122202
11122202
11122202
11122202
01000010
01000020
01000020
01000020
01000020
11122202
11122202
01000020
11122202
01202212
01202212
01000020
11122202
01000020
11122202
11122202
00212112
11122202
11122202
11122202
11122202
01000020
00212112
00212112
00212112
00212112
01000020
01000020
01000020
00212112
22012211
22012211
22012211
22012211
22012211
22012211
22012211
22012211
22012211
22012211
22012211
22012211
