00210201
00210201
01222102
11122202
21020222
21020222
00202121
00202121
12101211
00202121
21010022
01011001
01011001
22110000
20110000
20110000
20110000
20110000
20110000
00212002
01000020
00212002
00212102
00212102
00212110
00212112
11000020
00212110
11122202
21000020
01000020
11122202
11122202
11122202
11122202
11122202
11122202
01000020
00212112
00212112
00212112
11122202
01000020
11122202
11122202
01000020
01000020
11122202
11122202
11122202
01000020
11122202
11000020
01000020
12201110
01000020
01000020
01000020
10020100
