21200001
21200001
12201200
10120111
21020222
00202121
00202121
01000020
01000020
01020020
01011001
11102111
21020222
11102111
01000020
11102111
11102111
11102111
11102111
11102111
11102111
11102111
11102111
11000020
11122202
11102111
11000020
00212002
01000022
01000022
00212002
01000020
01000020
01000020
01020020
11122202
11000020
01000020
01020020
01000020
22111022
11122202
01000020
01000020
01000020
20111120
20111120
11122202
01000020
11122202
11122202
11122202
11122202
10020100
10020100
10020100
10020100
01000020
01000020
