02011000
02011000
12201110
12201110
12201110
12210221
12210221
12210221
01220201
01220201
11022000
20201201
02012101
10220210
02012101
10220211
01202202
01202212
01202212
01202212
01202212
01202212
01202212
01202212
01202212
12201110
12201110
20201201
20201201
20201201
20201201
12201110
12201110
20201221
20201221
12201110
12201110
12201110
12201110
12201110
12201110
12201110
11122202
11122202
11122202
12201110
11122202
11122202
11122202
11122202
11122202
11122202
11222202
11122202
11122202
11122202
11122202
11122202
11122202
