02100001
02100001
11212202
11212202
11212202
11212202
11212202
11212202
11102021
11102021
11102021
11102021
11102021
11102021
11102021
11102021
11102021
11102021
11102021
11102021
11102021
11102021
10022101
10022101
10022101
20002220
20002220
10022101
20002220
10022101
20002220
20002220
10022102
20002220
10022102
20002220
20002220
10022101
10022101
10022101
22002220
22002220
10022101
22002220
10022101
22002220
22002220
10022101
22002220
10022101
22002220
22002220
10022100
10022100
10022100
22002220
22002220
10022100
22002220
