01101101
01101101
21111001
11022010
10020011
20122221
11022010
22001112
22001112
20122221
10012020
10012020
22012211
01101210
01101210
22001112
01101210
20111020
20111020
20111020
20111020
20111020
20111020
20111020
20111020
20111020
22012211
20111020
20111020
22012211
22012211
02212110
02212110
21101010
22012211
10201220
22012211
02212110
02212110
02212110
02212110
02212110
02212110
02212110
02212110
02212110
02212110
02212110
02212110
02212110
02212110
21001110
21001010
12212000
21001010
20002220
21101110
21001010
21101010
