22120102
22120102
20110000
21111001
10112122
20110000
20110000
21111001
20110000
20110000
20110000
20110000
22201112
22012211
20110200
20110200
20110000
22012211
22012211
21101010
22012211
21101010
20111020
22012211
10201222
22012211
02212110
21101010
21101010
21001010
02212110
02212110
02212110
02212110
21001010
21001010
21001010
02212110
21001010
21001010
21101010
21001010
21101010
21001010
10201222
21001010
12002000
10201222
22012211
22012211
21101010
12211000
21001010
21001010
21001010
21001010
21001010
21001010
21001010
