22110222
22110222
22112002
02010001
02220002
10100102
12110102
01212022
12212000
01212022
12212000
12212000
12212000
12212000
12212000
12212000
02220002
02220002
02220002
02220002
02220002
02220002
02220002
11212000
12212000
02220002
02220002
02220002
12222000
02220002
12212000
12110102
12110102
12110102
12110102
12110102
11110102
11110102
12110102
12212000
02110102
12212000
02110102
12212000
12212000
12212000
12212000
12212000
12212000
12212000
12212000
12212000
12212000
12212000
12212000
12212000
12212000
12212000
12212000
