11121102
11121102
00100010
21022201
20002220
21022201
20002220
21022201
20002220
21022201
21022201
20002221
21022201
20002220
21022201
20002220
21022201
20002220
20002220
20002220
20002220
20002220
20002220
20002220
20002220
20002220
20002220
20002220
20002220
20002220
20002220
20002220
20002220
20002220
20002220
20002220
20002220
20002220
20002220
20002220
20002220
02212110
20002220
20002220
20002220
20002220
20002220
21000010
12211000
20002220
20002220
20002220
20002220
20002220
20002220
20002220
22012211
22012211
22012211
