22122101
22122101
10011100
00010220
11102211
00110221
01000020
11102111
11102111
01000020
01000020
01000020
01000020
10022101
00212002
00212002
00212102
11102111
01000020
01000020
00212002
01200020
11122202
00212102
00212102
00212112
00212110
00212102
12201110
11201110
12201110
12201110
11000020
11000020
01000020
11122202
11000020
11122202
11122202
11000020
01000020
11000020
11122202
01000020
10022100
01000020
01000020
11122202
11000020
12111022
01000020
01000020
11000020
11122202
11122202
01000020
01000020
01000020
01000020
