11000000
11000000
20112000
01211012
11102021
22200202
22210002
11102021
11102021
01211012
10211201
11102021
11102021
10022101
11102021
10022101
10022101
10122101
10122101
10122101
10022101
10022101
10022101
10122101
10022101
10222101
10022101
10022101
10022101
10022101
10022101
10022101
10022101
10022101
10022101
10022101
10022101
10022101
10022101
10022101
10022101
12022101
12022101
12022101
12022101
12022101
12022101
12022101
10022100
10022100
10022100
10022100
10022100
10022100
10022100
10022100
10022100
10022100
10022100
