11200001
11200001
21000001
00111012
11102021
11102021
01222102
02122102
11122202
11122202
10022101
02220101
10022101
10022001
10022101
10022101
10022101
10022101
10022101
10022101
10022101
10022101
10022101
10022101
10022101
10022101
10022100
10022100
10022100
10022100
10022100
10022100
10022100
10022100
10022100
10022100
10022100
10022100
12201110
12201110
10022100
10022100
10022100
10022100
10022100
10022100
10022100
10022100
10022100
10022100
10222100
12201110
10222100
12201110
12201110
10020100
10020100
10020100
10020100
