22022010
22022010
10021021
11212001
22102012
12201110
12021212
12202101
12202101
11022000
10220210
12202101
20201201
10220211
12202101
10220211
01202212
01202212
10220211
01202212
01202212
01202212
01202212
12201110
01202212
01202212
12201110
20201201
12221110
20201201
20201201
12201110
12201110
12201110
20201221
12201110
12201110
12201110
12201110
12201110
12201110
12201110
11122202
11122202
11122202
12201110
12201110
11122202
11122202
11122202
11102202
11122202
11222202
11122202
11122102
11122202
11122202
11122202
11122202
