01010102
01010102
10212202
22102200
10022020
10022020
10010222
10010222
10022020
10022020
10022020
10022020
10022020
10010222
10010222
10010222
10010222
11122021
11212202
11102021
11102021
11102021
11102021
12201110
11102021
11102021
11102021
11102021
20002220
12212000
21002220
21002220
21002220
12211000
12211000
12211000
12211000
12211000
21101010
12211000
21101010
21101010
21101010
21101010
21101010
21101010
21101010
12212000
12212001
12110102
12212000
12212000
12212000
12212000
12212000
12212000
12212000
12212000
10110102
