22222222
22222222
22222222
22222222
22222122
22222222
12222222
22222221
10222221
22202222
12202222
00202222
12202122
00002221
00002220
12102122
00022222
22002102
00002222
22012102
22222220
22212220
01102111
10202121
12002121
12002121
21021011
22012101
22002101
22002101
21020001
00020001
00020011
02202111
02201111
02000111
02001111
02202011
22000201
02201020
22100211
22100211
22102211
12221220
12201220
22221020
12101222
22121220
01020202
21220202
00200202
21120212
21220212
00202102
02220212
00201112
02200112
00200112
01200112
01200112
00111102
00111122
00121102
00220022
00220022
00120022
01122210
