02001121
02001121
21122200
02220222
11022000
11022000
11022000
20201201
11022000
11022000
12202101
02012101
20201201
02012101
20201201
20201201
02012101
02012101
20201201
21100211
20221201
20221201
20221201
20101201
20201201
20201201
12201110
20201201
20201201
20201201
20201201
20201201
12200110
12200110
12201110
12201110
12201110
12201110
11122202
11122202
12201110
12201110
11122202
11122202
11122202
12201110
12201110
11122202
11122202
11122202
11122202
11122202
11222202
11122202
11122202
11122202
11122202
11122202
11122202
