02200001
02200001
22100011
02220002
02220002
01101111
02220002
02220002
02220002
00020222
02220002
10010222
10022020
10010222
10010222
11012022
02220002
10010222
02220002
02220002
02220002
12212000
02220002
02220002
12212000
11102021
11102021
12212000
12110102
12212000
22012211
12212000
12212000
22012211
12110102
12222000
12222000
22012211
12222000
12222000
12222000
12222000
10222000
12212000
12212000
12212000
12212000
12212000
12212000
12212000
12212000
12212000
12212000
12212000
12212000
12212010
12212000
12012000
12212000
