21212112
21212112
02201101
20111201
00202121
00202121
00202121
01000020
01000020
01000020
01000020
01000020
01000020
00212002
00212002
00212022
00212002
00212002
00212002
11122202
01000020
01000020
11122202
01000020
11000020
11000020
11000020
11000020
11000020
11000020
11122202
01000020
01020020
01020020
01020020
11122202
01020020
01000020
01000020
11122202
00212112
00212112
00212112
00212112
00212112
00212112
01000020
01000020
01000020
01000020
01000020
01020011
11122202
01000020
10020100
01000020
01000020
11122202
01000020
