12211122
12211122
11012022
11012022
11012022
11012022
12212000
12212000
22101111
11012022
12212000
12212000
12212000
12212000
21022201
22001112
21022201
12212000
12212000
12212000
02212110
02212110
12212000
02212110
02212110
12212000
12212000
12212000
12212000
12202000
12212000
12202000
12202000
12202000
12202000
21001010
21001010
21001010
21001010
10201222
20111020
21001010
10201222
02212110
02212110
21001010
21101010
21001010
02212110
21101010
21001010
00212112
21101010
21001010
21101010
21101010
10201222
21101010
10201222
