20210100
20210100
20212011
20111011
20111011
20111011
12212000
10201222
10201222
10201222
22001112
10201122
10201222
10201122
10201222
10211201
10201222
10201222
20122221
20111020
02212110
10201222
20002220
20002220
22012211
22012211
20111020
20002220
22012211
20002220
10201222
10201222
10201222
10201222
22012211
22012211
22012211
22012211
22012211
22012211
22012211
22012211
22012211
22012211
22012211
22012211
20111020
20111020
00212112
00212112
00212112
00212112
10022100
10022100
10022100
22012211
22012211
22012211
22012211
