00001102
00001102
01220201
12210022
12210022
21010022
12201110
12201110
12201110
12201110
12201110
10220210
10220210
10220210
12210221
10220210
10220211
10220210
10220210
10220210
10220210
10220210
10220210
10220210
12110102
12110102
10220210
10220210
12110102
10220210
10220210
10220210
10220210
10220210
01220201
01220201
00222221
11122202
01220201
00222221
11122202
11122202
20201201
11122202
20201201
12201110
11000020
11000020
12201110
12201110
11122202
20201201
20201201
20201201
11122202
11122202
11122202
11122202
12201110
