02012021
02012021
22102200
22102200
10010222
10010222
22102200
22102200
10010222
10010222
00222221
10010222
10010222
10010222
10010222
10010222
11012022
00222221
00222221
00222221
00222221
00222221
00222221
00222221
00222221
00222221
00222221
00222221
12201110
00222221
00222221
00222221
00222221
00222221
00222211
00222211
12212000
00222221
12212000
00222221
12212000
12212000
12202000
12202000
12110102
12202000
12110102
12222200
12212000
12212000
12212000
12212000
12201110
12201110
12112000
12201110
12212000
12212000
12212000
