12021200
12021200
00212002
00212002
20121222
22012211
22012211
22012211
22012211
22012211
20122221
22012211
20122221
22012211
22001112
22012211
21101010
21101010
22012211
22012211
22012211
20111020
10201222
22012211
10201222
22012211
20111020
20111020
10201222
22012211
10201222
10201222
22012211
22012211
22012211
22012211
22012211
22012211
22012211
22012211
22012211
22012211
00212112
00212112
00212112
01000020
00212112
22012211
22012211
22012211
22012211
22012211
22012211
22012211
22012211
22012211
22012211
22012211
22012211
