21222122
21222122
02222002
02220002
02220002
02220002
02220002
02220002
02220002
02220002
12110102
12110102
12110102
12110102
12110102
12110002
12110102
11110102
11110102
11110102
12110102
12110102
12212000
12212000
12212000
12212000
12212000
12212000
12212000
12212000
12212000
12212000
12212000
12212000
00222221
12212000
12212000
12212000
12212000
02110102
12202000
02110102
12212000
02110102
12212000
12212000
12212000
12212000
12212000
12212000
12212000
12212000
12212000
12212000
12212000
12212000
12212000
12212000
12212000
