00202120
00202120
11012022
11012022
11012022
11012022
11012022
11012022
11012022
11011022
11012022
12212000
12212000
11012022
11012022
12212000
12212000
11012022
11012022
02212111
02212110
02212120
02212110
02212110
22012211
22012211
21101010
10201222
10201222
10201222
21101010
22012211
22012211
22012211
22012211
22010211
22012211
22010221
22012211
22012211
22012211
22012211
22012211
22012211
20111020
00212112
00212112
20111020
00212112
00212112
00212112
12202000
00212112
11101010
12202000
11101010
11101010
01101010
21001010
