01211111
01211111
12022112
00000121
11020202
20221021
01212022
01212022
01212022
01212022
11020202
11020202
02220002
02220002
12212000
12212000
12212000
12212000
12212000
12212000
11012022
12212000
02220002
12212000
12212000
12212000
12212000
12212000
12212000
22012211
12212000
12212000
12212000
12212000
12212000
12212000
12110102
22012211
12222000
22012211
12222000
12212000
12222000
12212000
12212000
12212000
12211000
12212000
12212000
12212000
12212000
12212000
12212000
12212000
12212000
12212000
12212000
12212000
12212000
