00012002
00012002
12212000
12212000
12212000
20221021
10022020
12212000
12212000
11012022
12212000
12212000
12212000
12212000
12212000
21022201
21022201
21022201
02212110
02212110
02212110
02212110
02220002
02220002
02200002
12110102
12212000
11110102
11110102
11110102
11110102
12212000
11110102
11110102
11110102
22012211
12212000
11110102
22012211
22012211
12222000
12222000
12222000
12212000
12110102
12212000
12222000
12212000
12212000
12212000
12212000
12212000
12212000
12212000
12212000
12112000
12212000
12212000
12212000
