00121220
00121220
12022101
10112122
20110000
20110000
20110000
20110000
20110000
20110000
20110000
20110000
20110200
20110200
20110200
20110200
20110200
20110200
20110200
11102111
11102111
11102111
11102111
20110200
20110200
11000020
20111020
11000020
20111020
20121020
20121020
20111020
20111120
20111120
22012211
22012211
22012211
22012211
02212110
02212110
02212110
02212110
02212110
02212110
20111020
02212110
20111020
20111020
20111020
20111020
00212112
00212112
00212112
22012211
00212112
00212112
22012211
22012211
22012211
