10000121
10000121
21022002
10020011
11122202
20122221
22001112
22001112
22012211
22012211
20121020
20122121
20122221
22012211
20122221
20110200
01101210
20110200
20110200
21101010
11102111
20110200
11102111
20111020
20111020
20111020
22012211
22012211
20111020
22012211
22012211
22012211
22012211
10201222
20111020
22012211
02212110
22012211
20111020
22111020
02212110
02212110
02212110
02212110
22012211
20111020
12002000
12002000
12002000
22012211
12002000
20111020
12202000
01000020
12202000
11101010
12202000
11101010
00212112
