10001122
10001122
00020222
02220002
02010222
20221211
02220002
02220002
02220202
02220002
21002012
02220002
02220002
02220002
12110102
02220002
02220002
02220002
02220002
02220002
12212000
02220002
10220210
02220002
11110102
12212000
11110102
12110102
12212000
12212000
12110102
00222221
00222221
12212000
00222221
00222221
12212000
12212000
12110102
12212000
12212000
12212000
12212000
12212000
12222000
12212000
12212000
12212000
12212000
12212000
12212000
12212000
12212000
12212000
12212000
12212000
12212000
12212000
12212000
