12210120
12210120
21002012
21002012
00020222
11210210
11210210
02220002
12110102
12110102
02121012
11012022
11012022
10010222
10010222
10010222
10010222
01212002
02220002
02220002
02220002
02220002
02220002
12212000
02120002
02220002
02220002
11102021
22012211
11102021
22012211
22012211
22012211
22012211
12110102
22012211
12110102
12110102
12110102
12110102
12222000
21101010
12212000
21101010
12222000
12212000
12212000
12202000
12120102
12110102
12110102
12110102
12111102
12212000
12110102
12110102
12110102
12110102
12110102
