22100000
22100000
22210022
01220201
22212101
22212101
22212101
21010022
12201110
12201110
12201110
00111122
00111120
00111120
11022000
00111120
00111120
12201110
12201110
12201110
12201110
12201110
12201110
12201110
01202212
11201110
01202212
01202212
11122202
11122202
11122202
11122202
11122202
11122202
11122202
11122202
11122202
11122202
01220201
11122202
11122202
00222221
00222221
20201201
00222221
00222221
00222221
00222221
12201110
12201110
12202110
12201110
12201110
12201110
02201110
12212000
12212000
12201110
12201110
