22010120
22010120
10211201
01211012
10211201
01211012
01211012
01211012
10211201
10211201
10211201
10211201
10201222
10201122
10201222
10211201
10201222
10201222
10201222
20122221
10201222
20002220
20002220
20002220
22012211
22012211
22012211
20002220
20002220
20002220
22012211
10201222
10201222
10201222
22012211
22012211
10201222
22012211
22012211
22012211
22012211
22012211
22012211
02212110
02212110
02212110
02212110
02212110
02212110
02212110
02212110
22012211
22012211
22012211
20002220
22012211
22012211
22012211
22012211
