11222202
11222202
12002011
01202212
01202212
01202212
01202212
01202212
21100211
01202212
11122202
11122202
21100211
21100211
21100211
21100211
21100211
12022000
01202212
21100211
20221201
21110211
01202212
01202212
01202212
01202212
01202212
01202212
12110102
11122202
11122202
11122202
11122202
11122202
11122202
10220210
11122202
11122202
10220210
11122202
11122202
11122202
11122202
11122202
11122202
11122202
11020020
20201201
11122202
12201110
11122202
20201201
11112202
11112202
11122202
11122202
20201201
11122202
11122202
