22101012
22101012
20222112
20222112
20222112
20222112
20222112
20222112
20222112
20222112
20222112
10022101
10022101
10022101
10022101
10022101
10022101
10022101
10022101
10022101
10022101
10022101
11022101
10022101
10022101
10022101
10022101
12201110
12201110
12201110
11201110
12201110
10022100
10022101
10022101
12201110
12201110
12201110
12201110
12201110
12201110
12201110
12201110
12201110
12201110
12201110
12201110
12201110
12201110
12201110
11122202
11122202
11122201
10222100
11122201
11122202
11122202
11122202
11122202
