11002020
11002020
12101222
22120001
22001112
22220222
22012211
22001112
22001112
22001112
10012000
22012211
22012211
01101210
01101210
22001112
20111020
20111020
20111020
20111020
20111020
20111020
20111020
20111020
20111020
20111020
20111020
20111020
20111020
20111120
20111020
20111020
20111120
20111120
20111120
20111120
20111120
20111020
22111020
22012211
20111020
20111020
02212110
02212110
02212110
02212110
22012211
20111020
20111020
20111020
20111020
00212112
00212112
21001010
21001010
00212112
21001010
21001010
21001010
