00102101
00102101
12022112
22102012
11101201
11212001
11212001
11210210
12110102
00000121
11012022
02220002
21002012
11012022
11012022
12110102
12110102
12110102
11110102
02220002
02220002
02220002
12212000
12212000
12212000
12212000
12212000
12212000
12110102
12212000
12212000
12212000
12212000
12212000
12110102
12212000
12110102
12212000
12212000
12212000
02110102
12212000
12202000
12212000
02110102
02110102
12110102
02110102
12212000
00222221
12212000
12212000
12212000
12212000
12212000
12212000
12212000
10110102
10110102
