01121211
01121211
02210221
02210221
01122102
21020222
00202121
21020222
01000020
01000020
01000020
20222121
00212002
11102111
11102111
11102111
01000020
00212102
00212102
00212102
00212102
00212102
00212102
00212112
01212110
00212112
00212112
00212122
00212112
11000020
11000020
11000020
11000020
11000020
11000020
11122202
11122202
12201110
12201110
12201110
12201110
12201110
12201110
12201110
12201110
12200110
12201110
22201110
11122202
12201110
12201110
12201110
12201110
12201110
10020100
10020100
10020100
10020100
10020100
