22222222
22222222
22222222
22222222
12222222
02220222
22222122
12002222
22022222
22200222
20202222
22222222
22222102
22202222
11220222
12220220
12220202
00002222
00001122
00002122
12020221
02200202
12222102
00002121
02002222
00102122
00102102
10102122
00112122
02010221
10112022
02000220
02000000
12000120
02010221
10010221
22020221
22020011
12120222
21020201
10020221
02110022
22122200
21000021
21120101
10020111
20020222
20000222
22000221
20100221
01000221
20002221
12112110
12122111
20020222
22121120
01120201
21120201
21122202
02100210
21120201
21120201
11120201
01120201
01120201
21122101
21112101
