11000110
11000110
00010220
00010220
10222011
01202212
01202212
11122202
01100020
22222121
22222121
01000020
01011001
01011001
11102111
21222121
01000020
01000020
01000020
01000020
01000020
00212102
00212112
11122202
00212112
11000020
11000020
11000020
01020022
11122202
11122202
11122202
11122202
11000020
11122202
11122202
11122202
11122202
11122202
12201110
12201110
12201110
12201110
11122202
10022100
10022100
10022100
01000020
10022100
10022100
12201110
10020100
10020100
10020100
10020100
10020100
10020100
10020100
10020100
