20101221
20101221
20111011
22220222
12212000
22001112
22001112
22001112
21101010
21101010
21101010
22001112
22001112
21022201
02212110
02212110
12212000
21022201
22012211
02212110
02212110
02212110
10201222
10201222
10201222
10201222
10201222
22012211
10201222
21001010
02212110
21001010
02212110
21001010
02212110
02212110
22012211
10201222
10201222
21001010
21101010
21001010
21101010
21101010
21101010
21101010
21001010
21001010
21001010
02212110
21101010
20111020
21001011
21101110
10201222
22012211
21001010
20002220
20002220
