22010010
22010010
10021022
20210010
01112122
01112122
10222011
02012101
10222011
12202101
11022000
12202101
11022000
10220202
12210221
02012101
00111120
01202212
10220210
10220210
10220210
10220210
10220210
02012101
10220210
10220210
10220210
10220210
10220210
10220210
01220201
10220210
10220210
20201201
10220210
20201201
20201201
20201201
20201201
12201110
20201201
20201201
20201201
11122202
12201110
12201110
20201201
20201201
20201201
20201201
11122202
11122202
11122202
11112202
11122202
11122202
20201201
12201110
12212000
