02202222
02202222
01020100
02220002
02220002
02220002
02220002
02220002
11210210
02220002
02220002
12110102
01212022
12110102
02220002
02220002
02220002
12212000
02220002
02220002
12110102
02220002
12110102
12110102
12110102
12212000
11110102
02220002
12212000
12212000
12212000
12212000
12212000
12212000
12212000
12212000
12212000
12212000
12212000
12212000
12212000
12212000
12212000
12212000
12212000
12212000
12212000
02110102
12212000
12212000
12212000
12212000
12212000
12212000
12212000
12212000
12212000
10110102
10110102
