22222222
22222222
22222222
22221222
22202222
22022222
22022212
22202222
22022222
22022122
12222220
22202122
22202122
12002212
21202121
22201222
12220202
20202202
20200022
20000222
20210022
20020222
20010022
22222220
22222220
22102101
02222220
22210220
22120220
22221220
22010220
22222210
22222210
11210020
20222210
21222220
21220212
21221220
21222212
21221220
21211220
21201222
21211120
22202212
22202212
22121220
22201202
22121220
21220202
00200202
21220212
00201202
22121121
01202202
11101222
11101222
11120221
21102201
01120221
21021201
00100210
21020201
21120001
11120221
21122101
11110211
21021220
