22001222
22001222
12201110
12201110
12210221
12201110
21002012
21002012
21002012
00112101
00111120
00112101
00112101
01020221
00112101
11022000
20201201
01202212
01202212
12201010
12201110
12201110
12201010
12201110
12201110
12201110
20201201
01202212
01202212
01202212
20201201
01202212
01202212
12201110
12201110
12201110
12201110
12201110
12201110
12201110
12201110
12201110
11122202
11122202
11000020
12201110
01000020
12201110
12201110
12201110
12201110
20201201
11122202
11112202
22201201
22201202
22201201
11122202
11122202
