21212101
21212101
10100002
02220002
02220002
20200111
02220002
02220002
02220002
02220002
02220002
02220002
21002012
11012022
21002012
12110102
12110102
11110102
11110102
11110102
12212000
12212000
12110102
12212000
12212000
12212000
12212000
12110102
12212000
12212000
00222221
00222221
12212000
12212000
12212000
12212000
12212000
12212000
12212000
12212000
12212000
12212000
12212000
12212000
12212000
12201110
12201110
12201112
12212000
12212000
12212000
12201110
12112000
12112000
12112000
12112000
12112000
12112000
12212000
