10120220
10120220
20202212
20111201
00202121
00202121
01000020
01000020
00202121
21010022
21010022
01000020
01000020
01000020
01011001
01000020
00212002
01000020
11000020
00212002
01000020
11000020
11000020
11000020
11000020
11000020
11000020
11000020
11122202
11122202
11000020
11122202
11122202
11122202
01020020
01000020
01000020
01000020
01000020
01000020
11122202
00212112
11122202
01000020
01000020
01000020
01000020
11122202
01000020
01000020
11122202
01000020
11122202
11122202
01000020
01000020
11122202
11122200
01000020
