10222010
10222010
20121101
20010012
01220201
12021212
10220210
10220210
10220200
10220210
12210221
00112101
00112101
01020221
00112101
00112101
12210221
02012101
01220201
02002101
12210221
01220201
01220201
01220201
01220201
12110102
01220201
20201201
20201201
12110102
12110102
01220201
01202212
10220210
10220210
00222221
00222221
11122202
00222221
20201201
20201201
11122202
11122202
11122202
20201201
12201110
11122202
11122202
12201110
12201110
12201110
12201110
12201110
12201110
20201201
20201201
20201201
12201110
11122202
