11222121
11222121
01022010
11012022
10100111
11012022
11012022
11012022
11012022
12212000
02220002
12110102
02220002
02220002
02220002
02220002
12212000
12212000
12110102
12110102
12212000
02220002
12110102
12212000
02220002
10220210
12110102
12110102
12110102
02220002
02220002
12212000
12222000
12110102
12110102
12222000
12110102
12212000
12212000
12212000
12212000
02110102
02110102
12212000
12212000
00222221
12222000
10212000
12110102
12212000
12201112
12201112
12201112
12212000
12212000
12212000
12212000
12212000
12212000
