00000211
00000211
22120001
00212002
22001112
00212002
00212002
10012020
20122221
20122221
10012020
20122221
22012211
20122221
22012211
22012211
22012211
22012211
22012111
22012211
22012211
21101010
22012211
22012211
22012211
20111020
22012211
22012211
22012211
22012211
22012211
22012211
22012211
02212110
22012211
22012211
20111020
21001010
21001010
20111020
20111020
20111020
20111020
20111020
20111020
20111020
20111020
20111020
21101010
20111020
10201222
21101010
12202000
12202000
11101010
00212112
12202000
11101010
11101010
