00210002
00210002
02220002
00221001
02220002
02220002
00221001
02220002
12110102
02220002
02220002
12110102
12110102
12110102
12110102
02220002
02220002
02220002
02220002
02220002
12212000
12212000
12212000
12212000
12212000
12212000
12212000
12212000
12212000
20002220
11102021
11110102
12211000
12211000
12211000
12211000
12211000
12211000
21101010
12211000
12211000
12211000
21101010
21101010
21101010
21101010
21101010
02212100
02212100
12212000
12212000
12212000
12212000
12212000
12212000
12110102
12110102
12110102
22002220
