01111001
01111001
11102021
11102021
11102021
11102021
11102021
20110000
20110000
11102021
10022101
11102021
11102021
20110000
10022101
10022101
10022101
10022101
10022101
10022101
10122101
10022101
10022101
10022101
10022101
10022101
10022101
10022101
10022101
10022101
10022101
10022101
10022100
10022100
10022100
10022101
10022101
10022100
10022100
10022101
12022101
12022101
12022101
12022101
12022101
12022101
12022101
10022100
10022100
10022100
10022100
10022100
10022100
10022100
10022100
10022100
10022100
10022100
10022100
