10202210
10202210
12110102
11020111
00221001
12110102
12110102
12110102
02220002
02220002
11012022
12212000
12110102
11012022
02220002
11012022
02220002
02220002
12212000
11012022
02220002
12012000
02220002
12212000
12212000
12212000
12110102
12110102
11110102
11110102
11110102
11110102
11110102
11110102
12212000
11110102
12212000
12212000
12212000
00222221
00222221
12222000
12212000
12212000
12212000
12212000
12202000
10212000
12212000
12222000
12110102
11212000
12212000
12212020
12212000
12212000
12212000
12112000
12212000
