10022002
10022002
11221212
01202212
01202212
01202212
01202212
01202212
01202212
01202212
01202212
01202212
01202212
20201201
01202212
20201201
02012101
12210221
02012101
02012101
20221201
02012101
10220210
10220210
01220201
12110102
12110102
01220201
12110102
01220201
01220201
20201201
12110102
10220210
01220201
01220201
00222221
11122202
00222221
00222221
20201201
20201201
20201201
20201201
12201110
12201110
20201201
11122202
12201110
12201110
12201110
12201110
12201110
12201111
12212000
12212000
12201110
12201110
12221110
