01101200
01101200
21120120
12210022
12012212
12012212
12201110
12201110
12201110
12201110
12201110
12201110
12201110
12201110
12201110
12201110
12201110
12201110
12201110
12201110
12200110
12201110
12201110
12201110
01202212
12201110
12200110
12200110
20201201
20201201
12200110
12201110
12201110
12201110
12201110
12201110
12201110
12201110
12201110
12201110
12201110
12201110
12201110
12201110
12201110
11122202
11122202
11122202
11122202
11122202
12201110
11122202
11122202
12212000
11122202
11122202
11122202
11122202
11122202
