01202000
01202000
21222201
21210010
10100111
11020202
11012022
00221001
20210021
20210021
12212000
12212000
10212000
00221001
00221001
01212002
01212002
00221001
02220002
12212000
02220002
02220002
02220002
12212000
12212000
12212000
12110102
12110102
11110102
11110102
22012211
12212000
12212000
12212000
12212000
12212000
11110102
12110102
12110102
12110102
22222000
12222000
10222000
12212000
12222000
12212000
12212000
12212000
12212000
12212000
12212000
12212000
12212000
12212000
12212000
12212000
12212000
12212000
12212000
