22201122
22201122
21222022
20221021
20221021
10022020
10022020
10022020
12212000
10022020
12212000
12212000
12212010
12212000
21022201
21022201
22001112
21022201
02212110
02212110
02220002
02220002
02220002
02220002
12212000
12212000
11110102
11110102
12212000
12212000
12212000
02220002
02220002
00222221
12212000
12212000
12212000
12212000
12212000
12212000
12212000
12212000
12212000
12212000
12212000
12212000
12212000
10212000
10212000
12110102
12201112
12201112
12212000
12212000
12212000
12210000
12212000
12212000
12212000
