22002110
22002110
00010101
01011001
00102112
01011001
21010022
01011001
01011001
01011001
01011001
21010022
01011001
01000020
01000020
01000020
20110000
20110000
00212002
00212002
01000020
11000020
11000020
11102111
11122202
01000020
11000020
11000020
00212002
01000022
00212002
01000020
00212002
11000020
01000020
01000020
01000020
01000020
01020020
01000020
11000020
20011120
20111120
01000020
01000020
01000020
01000020
01000020
01000020
00212112
01000020
01000020
11122202
11122202
01000020
10020100
01000020
10020100
01000020
