11121120
11121120
20121020
20121020
20121020
20221212
20121020
12212000
00212002
20121020
02212110
02212110
02212110
02212110
02212110
02212110
02212110
02212110
02212110
02212110
02212110
02212120
02212110
10201222
10201222
22012211
10201222
21101010
20111020
02212110
02212110
02212110
02212110
21001010
21001010
21001010
21001010
21001010
21001010
21001010
21001010
10201222
02212110
02212110
21101010
22012211
22012011
12002000
21001010
21001010
21001010
21001010
21001010
11101010
21001010
11101010
11101010
11101010
00212112
