11021100
11021100
21001022
11021002
10012020
10012020
10012020
22012211
22012211
22012211
22012211
22012211
22012211
22012211
22012211
21101010
21101010
22012211
22012211
22012211
22012211
20111020
21101010
22012211
21101010
21101010
20111020
21101010
22012211
21101010
22012211
02212110
22012211
20111020
22012211
22012211
22012211
22012211
20111020
22012211
02212110
02212110
21001010
21101010
02212110
22012211
02212110
02212110
12211000
20002220
12211000
12212000
22012211
22012211
10201222
10201222
10201222
10201222
10201222
