22020220
22020220
00010220
00010220
01202212
00010220
21012220
11122202
02201101
22222121
01000020
01000020
01000020
01000020
01000010
11122202
11122202
01000020
01000020
01000020
01000020
01000020
01000020
01000020
01000020
00212112
01000020
11122202
01000020
11122202
11000020
01000020
01000020
11000020
01000020
02000020
01000020
01000020
01000020
01020020
01000020
22111020
01000020
11122102
01220201
11122202
11122202
01000020
11122202
11122202
11122202
11122202
11122202
11122202
01000020
01000020
10020100
10020100
10020100
