20222112
20222112
00010220
21022201
20002220
21022201
20002220
21022201
20002220
21022201
21022201
21022201
21022201
22001112
22001112
21022201
22001112
02212110
02212110
21022201
02212110
02212110
02212110
02212110
02212110
02212110
02212110
02212110
21101010
22101010
21101010
21001010
21101010
12202000
11110102
21001010
10201222
10201222
21001010
02212110
21001010
21101010
21101010
21101010
21101010
21101010
21001010
21001010
02212110
21001010
21001010
21101010
10201222
10201222
22012211
21001010
21001010
21101010
21101010
