00222110
00222110
21010201
00222221
00222221
20221102
22101111
11212202
11212202
11212202
11212202
11212202
11102021
11102021
11102021
11102021
11102021
00222221
00222221
00222221
11102021
11102021
00222221
00222221
00222221
00222221
00222221
00222221
00222221
00222221
00222221
12201110
12201110
12201110
12201110
12201110
12201110
12201110
12201110
12201110
12201110
12201110
12212000
12201110
12201110
12212000
12212000
12212000
11212000
12212200
11212000
12212200
12212000
12201112
12201112
12201112
22002220
22002220
22002220
