00222012
00222012
11212202
10022222
20012101
11212202
11212202
11212202
11212202
11212202
11102021
11102021
11102021
11102021
11102021
11102021
11102021
11102021
11102021
11102021
11102021
11102021
11102021
20002220
20002220
20002220
20002220
20002220
20002220
20002220
20002220
20002220
10022101
20002220
20002220
20002220
20002220
12201110
20002220
20002220
22002220
22002220
12211000
02212110
20002220
20002220
20002220
20002220
20002220
20002220
22002220
22002220
20002220
22002220
22002220
22002220
22002220
22002220
22002220
