01122211
01122211
01220201
01220201
01220201
21010022
21010022
21010022
10220200
12201110
12210221
10220210
10220210
10220210
10220210
10220210
10220210
10220210
10220210
10220210
10220210
12110102
12110102
12110102
10220210
12110102
10220210
10220210
01220201
01220201
01202212
01220201
10220210
20201201
20201201
20201201
12201110
12201110
12201110
20201201
11122202
11122202
11122202
11122202
12201110
11122202
12201110
12201110
11122202
11122202
11122202
11122202
11122202
11122202
11122202
11122202
11122202
11122202
11122202
