02011101
02011101
11020202
21202222
02220002
22102200
02220002
02220002
02220002
10010222
10010222
10010222
10022020
10010222
11010222
10010222
10010222
10010222
10010222
11122021
11212202
12212000
00222221
12201110
11102021
11102021
11102021
02220002
12110102
11102021
12212000
11110102
12202000
12202000
12110102
12110102
12222000
12212000
12212000
12110102
12212000
12212000
12212000
12211000
12212000
12110102
12212000
12212000
12212000
12212000
12212000
12212000
12212000
12212000
12212000
12212000
12212000
12012000
12012000
