01112002
01112002
22210002
11102021
22021000
22210002
11102021
11102021
22021000
10022101
11102021
11102021
11102021
10022101
10022101
10022101
10022101
10022101
10122101
10022101
10122101
10022101
10022101
10022101
10022101
10022100
10022101
10022101
10022100
10022101
10022101
10022101
10022101
10022101
10022101
10022101
10022101
10022101
10022100
10022100
10022100
10022101
10022101
12022101
10022101
10022101
10022101
10022101
12022101
10022101
10022100
10022100
10022100
10022100
10022100
10022100
10022100
10022100
10022100
