20210200
20210200
11012022
11012022
11212000
12212000
11012022
20221212
11012022
11012022
11012022
11012022
10201222
12212000
12212000
12212000
12211000
02220002
02220002
02220002
02220002
02220000
12212000
12110102
12212000
12212000
02220002
12110102
22012211
22012211
12212000
12212000
12212000
00222221
12212000
12212000
12212000
02212000
12212000
12212000
12212000
12212000
12212000
02110102
12222000
12212000
12212000
12212000
12212000
12212000
12212000
12110102
12212000
12212000
12212000
12212000
12212000
12212000
12212000
