22202102
22202102
20110000
21111001
10112122
20110000
20110000
20110000
20110000
20110000
22001112
20110000
20110200
20110200
20110200
20110200
20110200
22012211
22012211
20110000
20110200
20110200
20111020
20111020
22012211
22012211
10201222
10201222
21101010
21101010
22012211
22012211
20111020
22012211
22111020
22111020
22111020
22111020
22111020
20111010
22012211
22012011
12202000
22012211
12002000
10201222
10201222
10201222
22012211
22012211
22012211
22012211
22012211
22012211
22012211
20002220
20002220
20002220
20002220
