12101000
12101000
01012121
21211021
11022000
20201201
00112101
00112101
20201201
20201201
20201201
02012101
02012101
02012101
20201201
20221201
02012101
20201201
20201201
20021201
20221201
20201201
02012101
20021201
01202212
01202212
01202212
02012001
11122202
11122202
01202212
10220210
20201201
10220210
10220210
20201201
20201201
11122202
20201201
20201201
20201201
11122202
12201110
12201110
12201110
12201110
01000020
11122202
11122202
11122202
20201201
20201201
20201201
20201201
12201110
12201110
11122202
22201201
22201201
