22222222
22222222
22222222
20222222
22222221
22222211
20222221
22222222
20022022
20022122
20122022
01201022
02001022
02001022
22022022
22002222
22022021
12102112
12102111
12202110
02102111
12202111
02102211
00202121
12002121
21020012
02202121
21020011
02202121
01020011
02202111
01020011
01020011
02202121
02201111
02202011
02000111
02202011
22000211
02201011
02201220
22100211
22100211
22110011
21100221
22100211
22100211
22121120
22100211
22121120
20000221
20100221
20110221
20002121
20020121
20020221
10101221
20020112
21120212
20020012
20020022
22102000
20020022
21202000
22120212
21202000
12221121
