12022211
12022211
20022220
22210002
22021000
11102021
22021000
11102021
11102021
11102021
11102021
11102021
11102021
11112021
11102021
10022101
10022111
10022101
10022101
10022101
10022101
10022101
10022101
10022101
10022101
10022101
10022101
10022101
20002220
20002220
10022101
10022101
10022101
10022101
10022101
10022101
10022101
10022101
10022101
10022101
10022101
10022101
10022101
22002220
22002220
10022101
10022101
10022101
10022101
10022101
10022101
10022101
10022100
10022100
10022100
10022100
10022100
10022100
22002220
