00012001
00012001
02112101
00111121
11012022
11012022
20221212
11012022
01101210
11012022
11212022
01212022
12110102
12110102
02220002
02220002
02220002
12110102
02220002
12110102
02220002
10220210
10220210
02220002
11110102
12110102
02220002
12110102
12212000
12212000
12212000
12212000
02220002
12212000
12212000
12212000
12212000
00222221
12212000
12212000
12212000
12212000
12212000
12212000
12212000
12201110
12201110
12201110
12200110
12200110
12200110
12112000
12201110
12201110
12201110
12201110
12201110
12201110
20201201
