12211210
12211210
00022012
00022012
01011121
01011121
12212000
02212110
20121020
22012211
22012211
21101010
21101010
21101010
21101010
21101010
21101010
10201222
02212110
02212110
02212110
02212110
02212110
22012211
22012211
22012211
02212110
02212110
02212110
02212110
02212110
02212110
21001010
21001010
21001010
21001010
21001010
21001010
21001010
21101010
21001010
22012211
21001010
21101010
21001010
21001010
21001010
21101010
21001010
21001010
12202000
02212110
21001010
21001010
21001010
21001010
21101010
21101010
21101010
