21221222
21221222
01010222
00100010
01010222
11012022
11012022
11012022
10201222
11012022
12212000
10201222
10201222
12212000
11012022
22012211
22012211
22012211
10201222
22012211
10201222
10201222
10201222
10201222
02212110
10201222
21101010
10201222
21101010
10201222
21101010
22012211
22012211
22012211
22012211
22010211
22012211
22010221
22010221
22010221
12202000
22012211
22012211
00212112
22012211
00212112
00212112
00212112
00212112
00212112
20111020
00212112
21101010
21101010
11101010
11101010
21001010
21101010
00212112
