22222222
22222222
22222222
22222222
22222202
12202222
12222222
12202212
12222222
12222220
22001122
12020021
12022121
20002022
22000021
22120121
20000022
12120121
20000022
10220012
12102111
12202111
02102111
12202121
02102201
12002111
10002121
22002101
21021011
21021111
21021001
21020001
22200221
21020011
02002111
00212111
22112220
02212111
11202212
11020121
11001212
21221220
21220212
21220212
21220212
21220112
11222102
11221122
11220112
11221020
11221202
11221222
11221022
11221200
11222022
11211002
11221002
22022121
22121120
22022121
22012121
02121122
02121120
12102120
12102020
00000112
22220220
