22100012
22100012
02211100
02211100
12202101
00120200
12201110
12202101
12202101
21002010
12210221
00111101
02012101
01202212
10220210
02012101
01220201
11022000
01220201
01220201
02002101
12210221
20221201
20221201
01202212
10220210
10220210
20201201
10220210
01202212
10220210
10220210
12110102
20201201
01220201
00222221
10220210
01220201
12210221
11122202
11122202
11122202
11122202
12201110
11122202
12201110
11122202
11122202
12201110
12201110
12201110
12201110
12201110
12201110
12201110
12201110
12201110
12201110
12212000
