22000000
22000000
20221021
00000121
20221021
11020202
11012022
21002012
02220002
02220002
12110102
12110102
02210002
11012022
11012022
11012022
12110102
02220002
11012022
02220002
12110102
10220210
02220002
02220002
02220002
02220002
12110102
12212000
12212000
12212000
12212000
12212000
12212000
12222000
11110102
12212000
12110102
12110102
12212000
02110102
12212000
02110102
22110102
12110102
12110102
12212000
12212000
02110102
02110102
12212000
12212000
12212000
12212000
12212000
12212000
12212000
12112000
12212000
12212000
