20201222
20201222
00002022
12010221
21020222
11102111
01000020
01000020
11102111
01000020
01000000
11102111
01000020
00212002
01000020
11102111
00212002
00212002
00212002
00212002
00212002
11102111
11000020
01000020
00212002
00212002
20111020
20111020
20111020
11000020
11122202
11122202
11122202
11122202
11000020
01000020
01000020
01000020
01020020
01000020
01000020
11122202
11122202
01000020
01100020
01000020
01000020
20111120
01000020
01000020
01000020
01000020
01000020
01000020
01000020
01000020
01000020
10020100
01000020
