10101220
10101220
10211021
10212121
10010200
02220002
02220002
22220002
22220002
12110102
12110102
12210221
01212022
02220002
02220002
11012022
12212000
01212002
12212000
11012022
02220002
02220002
12212000
02220002
12212000
12212000
02220002
12110102
02212110
22012211
11110102
11110102
12212000
22012211
12212000
12222000
12212000
12212000
12212000
12212000
12211000
12211000
12110102
12212000
12110102
12211000
12211000
12212000
12212000
12212000
12212000
12211000
12212000
12212000
12212000
12212000
20002220
12212000
20002220
