22201112
22201112
11102021
11102021
11102021
11102021
11102021
11102021
11102021
10022101
10022101
11102021
10022101
10022101
10022101
10022101
10022101
10022101
10022101
10022101
00122101
10012101
10022101
10022101
10022101
10022101
10022100
10022101
10022100
10022100
10022101
10022100
10022100
10022100
10022100
10022101
10022101
10022101
10022100
10022101
12022101
12022101
12022101
12022101
12022101
12022101
10022100
10022100
10022100
10022100
10022100
10022100
10022100
10022100
10022100
10022100
10022100
10022100
10022100
