22222222
22222222
12222222
22222222
12202221
12022220
12202222
12222222
12202212
22202122
02202112
12222112
12220222
22121101
12202122
00002222
02002222
01002222
00002222
12222102
00002222
02002222
22221220
00002121
00000122
00102122
02000222
10102122
10112122
02011221
10112022
02010221
02010221
00002220
22020221
22110221
22010201
21021201
21020021
21020101
21220201
11020120
10010121
10220121
20022221
11221202
21220220
21020210
02200211
01121111
11120201
22021120
00202202
22121121
00201102
00201102
00111102
00200112
00111102
00220112
00111102
01110102
00220122
00111102
21021201
00111122
21122102
