21000012
21000012
20200111
02220002
02220002
02220002
02220002
02220002
02220002
02220002
02220002
02220002
02220002
12110102
02220002
02220102
02220102
12212000
12110102
02222002
02220002
02220002
02220002
12110102
12110102
12110102
12110102
12110102
02220002
10212000
02220002
12212000
12212000
12212000
12222000
12212000
12212000
12110102
12212000
12212000
00222221
12212000
12212000
12212000
12212000
12212000
12212000
12212000
12110102
12212000
12212000
12212000
12212000
12212000
12212000
12212002
12212000
12212000
12112000
