10010121
10010121
22101111
20221102
22101111
20221102
22101111
11212202
22101111
11212202
11212202
11102021
11102021
11102021
11102021
11102021
11102021
11102021
11102021
11102021
11102021
11102021
11102021
20002220
20002220
20002220
20002220
20002220
20002220
20002220
20002220
20002220
10022101
20002220
20002220
21002220
12201110
12201110
20002220
20002220
20002220
20002220
12211000
02212110
20002220
20002220
20002220
20002220
20002220
20002220
20002220
12110102
20002220
12110102
10110102
22002220
22002220
22002220
22002220
