21201011
21201011
21001001
11000211
11000211
21100211
11000211
01120022
12210022
01120022
02220101
12201110
01202212
12201110
12201110
11122202
11122202
01000020
11122202
01000020
12201110
12201110
12201110
12201110
01202212
01202212
01202212
11122202
11122202
11122202
11122202
11122202
11122202
11122202
11122202
11122202
11122202
10220210
00222221
10220210
11122202
11122202
20201201
11122202
00222221
00222221
00222221
12201110
11122202
11122202
11122202
11122202
11122202
11122202
11122202
11122202
11122202
11122202
11122202
