12100221
12100221
10021122
10012020
22001112
02212110
20121020
22012211
22012211
22012211
22012211
22012211
22001112
22012211
22012211
20122221
22012211
22012211
22012211
22012211
22012211
02212110
10201222
10201222
21101010
21101010
21101010
21101010
21101010
22101010
22012211
21001010
22012211
21001010
02212110
02212110
21001010
02212110
21001010
21001010
21001010
20111020
02212110
21001010
21001010
21001010
21001010
22012211
21101010
02212110
22012211
21001010
21101010
10201222
21101010
10201222
10201222
10201222
21001010
