11112202
11112202
10022222
11212202
11212202
11212202
11212202
22010002
11212202
11212202
11102021
11102021
11102021
11102021
11102021
11102021
11102021
11102021
11102021
21022201
11102021
11102021
20002220
20002220
20002220
20002220
20002220
10022101
20002220
20002220
20002220
10022101
20002220
10022102
20002220
10022102
20002220
20002220
20002220
20002220
22002220
22002220
10022101
22002220
22002220
22002220
10022101
22002220
10022101
22002220
10022101
22002220
22202220
22002220
22002220
22002220
22002220
10022100
22002220
