10101110
10101110
02120211
01101210
00022012
01101210
01101210
01101210
00022012
01101210
10201222
10201222
21101010
10201222
22012211
21101010
22012211
02212110
22012211
10201222
21101010
10201222
10201222
10201222
21101010
21101010
21101010
21101010
01212110
21101010
10201222
10201222
02212110
21001010
21001010
21001010
21001010
21001010
21101010
02212110
21001010
21101010
21101010
21101010
21101010
21101010
21101010
21101010
21101010
02212110
21101010
21102010
21001010
21101010
10201222
21101010
10201222
10202222
10201222
