21210211
21210211
12110102
00221001
12110102
02010001
01101111
12110102
12110102
12110102
12110102
02220002
02220002
12110102
12110102
02220002
12110102
12110102
02220002
02220002
12110102
10220210
12110102
12110102
02220102
12212000
12212000
12212000
12212000
12212000
11110102
12212000
12212000
12211000
12211000
12211000
21101010
21101010
12211000
21101010
12211000
21101010
21101010
21101010
10201222
02212110
21101010
21101010
22012211
10201222
10201222
22012211
22012211
22012211
22012211
22012211
10201222
20002220
20002220
