00111001
00111001
22001022
21202122
21202122
21012220
01100020
20222121
22001211
01000020
01000020
01000020
01000020
01000020
01000010
11122202
11122202
11122202
11122202
11122202
11122202
01000020
01000020
01000020
11000020
01000020
01000020
21000020
01000020
01000020
01000020
01000020
01000020
11000020
01000020
01000020
01000020
01000020
11122202
01000020
22012211
01020020
11122202
11122202
01220201
01000020
01000020
01000020
01000020
00212112
11112202
01000020
11122202
01000020
01000020
01000020
01000020
01000020
01000020
