02122011
02122011
01222102
11122202
21020222
10120111
02100111
02100111
21020222
02100111
21020222
11102111
01000020
00212002
00212002
01000020
10022101
10022101
11102011
10022101
10022101
10022101
10022101
10022101
10022101
10022101
10022101
10022100
10022100
10022100
10022101
10022101
10022101
10022100
10022100
10022100
00212112
10022100
10022100
10022100
10022100
10022100
10022100
10022100
10022100
10022100
10022100
10022100
10022100
10022100
10022100
01000020
10022100
10020100
10022100
10022100
10022100
10022100
10022100
