22112111
22112111
11012022
11012022
12212000
12212000
12212000
01212022
01212022
01212022
12212000
12212000
12212000
12212000
12212000
12212000
02220002
12212000
12212000
12212000
12212000
12212000
02220002
12212000
02220002
02220002
12212000
11110102
12212000
12212000
11110102
12212000
12212000
12211000
22012211
12211000
12211000
21101010
12211000
21101010
12211000
21101010
21101010
21101010
21101010
21101010
02212110
21001010
21001010
21101010
21101010
21101010
21001010
21001010
21001010
11101010
21001010
11101010
11101010
