01121210
01121210
01220201
12210022
01220201
21010022
21010022
21010022
10220200
12210221
12210221
10220210
10220210
10220210
10220210
10220210
10220210
10220210
10220210
10220210
10220210
12110102
10220210
12110102
10220210
12110102
10220210
10220210
10220210
10220210
12110102
01220201
20201201
20201201
20201201
20201201
20201201
20201201
12201110
12201110
20201201
12201110
12201110
01220201
12201110
20201201
12201110
20201201
11122202
20201201
00222221
12201110
20201201
12201110
12201110
12212000
12201110
12212000
12212000
