12000021
12000021
02000220
10220210
12012212
12012212
22212101
12210022
12201110
12201110
12201110
12201110
12201110
12201110
12201110
12201110
12201110
12201110
12201110
12201110
12201110
12201010
12201110
12201110
11201110
12201110
01202212
11201110
12201110
12201110
12201110
12201110
12201110
12201110
12201110
12201110
12201110
12201110
12201110
12201110
12201110
12201110
12201110
12201110
11122202
11122202
11122202
12201110
12201110
12201110
12201110
12201110
12201110
12201110
12201100
10020100
10020100
10020100
10020100
