00121000
00121000
21012220
21000021
11122202
11122202
11122202
11122202
11122202
11122202
01000020
11122202
11122202
11122202
11122202
11122202
11122202
01000010
01000020
01000010
01000020
01000020
11122202
01000020
01202212
01202212
01202212
01202212
01202212
01202212
11122202
12210221
10220210
10220210
10220210
11122202
10220210
10220210
10220210
01220201
01220201
20201201
20201201
20201201
01220201
20201201
00222221
20201201
20201201
12201110
11122202
11122202
12201110
11122202
20201201
11122202
11122202
11122202
20201201
