10220020
10220020
10210222
12212000
12212000
12212000
01212022
01212022
12212000
01212022
12212000
11012022
11012022
12212000
12212000
12110102
02220002
02220002
02220002
02220002
02220002
02220002
02220002
02220002
02220002
02220002
12212000
12212000
12212000
12212000
12212000
12212000
12212000
22012211
12212000
12212000
12212000
12110102
12222000
12222000
00222221
22012211
12212000
12222000
12110102
12110102
12212000
12212000
12212000
12212000
12212000
12212000
12212000
12212000
12212000
12212000
12212000
12212000
12212000
