21220000
21220000
00010101
00010101
12022101
22002102
20110000
20110000
20110000
01011001
20110000
01011001
11102021
20110000
20110200
20110200
10022101
10022101
10022101
10022101
10201222
20111020
20122221
20111020
00212002
20111020
00212002
00212002
20111020
11122202
11122202
20111120
20111120
20111120
20111120
20111120
20101120
20111020
22012211
22012211
20111020
20111020
20111020
20111020
20111020
12202000
20111020
22112211
20111020
02202000
21001010
10201222
21101110
12002000
00212112
21001010
00212112
21001010
22012211
