02220112
02220112
20012100
21002012
02220002
02220002
11211001
21002012
02220002
02220002
00020222
12110102
12110102
02220002
21002012
02220002
12110102
02220002
12212000
02220002
02220002
12212000
12212000
12212000
12212000
12212000
12110102
12110102
00222221
00222221
00222221
00222221
00222221
00222221
00222221
12212000
00222221
00222221
00222221
12212000
11212000
12212000
12212000
12212000
12212000
02110102
12110102
12212000
12212000
12212000
12212000
12212000
12212000
12212000
12212000
12110102
12110102
12110102
12110102
