01101101
01101101
22020012
12201110
12201110
12210221
01220201
12210221
12210221
12210221
01220201
10220210
12210221
12210221
12210221
12210221
12210221
01220201
01202212
01220201
10220210
02012101
10020210
02012101
01220201
12110102
10220210
01220201
10220210
12210221
01220201
01220201
01220201
01202212
10220212
10220212
01220201
01220201
01220201
12201110
11122202
11122202
11122202
11122202
12201110
11122202
11122202
20201201
20201201
11122202
11122202
11122202
12201110
11122202
11122202
11122202
11122202
11122202
11122202
