12200200
12200200
22012022
21111001
10112122
20110000
20110000
01011001
01011001
01011001
01011001
01011001
20110000
20110200
20110000
20110000
20110000
20110000
20110000
20110000
01000020
01000020
01000020
00212002
01000020
01020020
11000020
11000020
11000020
11000020
01000020
01020020
01020020
01000020
01020020
11122202
11000020
11000020
11000020
12000020
01000020
01000020
01000020
11000020
11000020
11122202
11122202
11122202
11122202
01000020
11122202
11122202
11122202
11122202
11122202
11122202
11122202
11122202
11122202
