01222101
01222101
10101111
10101111
11012022
11012022
11012022
11012022
11012022
11012022
10201222
12212000
10201222
12212000
10201222
10201222
22012211
02212110
22012211
22012211
22012211
10201222
22012211
20111020
20111020
22012211
20111020
20111020
22012211
22012211
21101010
22012211
22012211
20111020
21101010
10201222
10201222
02212110
10201222
02212110
02212110
02212110
02212110
02212110
02212110
02212110
02212110
02212110
02212110
02212110
21001010
21001010
21001011
21101010
21101010
21101110
21101110
21001010
21101010
