10101222
10101222
20201201
02220101
21100211
02220101
21010022
02012101
21100211
01202212
01202212
21202212
02220101
21100211
20201201
21100211
21110211
12022000
11122202
11122202
10220210
11122202
12210221
10220210
10220210
01220201
01220201
01202212
01220201
12110102
01220201
10220210
10220210
10220210
10220210
20201201
20201201
20201201
20201201
12201110
12201110
12201110
01220201
20201201
12201110
12201110
20201201
12201110
12201110
12201110
12201110
12201110
12201110
12201110
12201110
12201110
12201110
12200110
12201110
