02222111
02222111
21220121
21120012
01101111
12110102
00000121
11020202
20210021
01011020
20210021
01011020
12212000
12212000
12212000
12212000
02220002
02220002
02220002
02220002
02220002
12212000
02220002
12212000
12110102
12212000
11110102
11110102
11110102
11110102
11110102
11110102
11110102
11110102
11110102
11110102
12110102
12110102
12222000
22012211
00222221
12202000
00222221
12222000
12222000
21101010
00222221
12212000
12212000
12110102
12110102
12212000
12110102
12212000
12212020
12212000
12212000
12212000
12112000
