01200102
01200102
10221200
20111020
12201110
02201101
02201101
02201101
02201101
01000020
01000020
11102111
11102111
11102111
11102111
11102111
11102111
01000020
01200020
01000020
01000020
01000020
01000020
00212112
11122202
11122202
01020020
01020020
11122202
11000020
11122202
00212002
01000020
00212002
21122202
11122202
00212112
00212112
00212112
00212112
00212112
11122202
11122202
01000020
11122202
01000020
01000020
00212112
01200020
01000020
01000020
11122202
01000020
01000020
01000020
01000020
01000020
01000020
01000020
