02101111
02101111
02210120
12201110
00212002
02201101
02201101
02201101
01000020
01000020
01000020
00212002
00212002
01000020
00212002
01000020
01000020
01000020
01000020
20222121
11000020
11000020
11000020
11000020
11122202
01000020
11000020
11000020
01020020
11000020
11000020
11000020
01020020
01000020
01000020
11122202
11000020
11122202
11122202
11122202
01000020
01000020
01000020
01000020
01000020
01000020
01000020
11122202
11122202
01000020
11122202
01000020
11122202
10020100
10020100
10020100
10020100
01000020
10020100
