21212012
21212012
21020222
01000020
01000020
01000020
01000020
01000020
01000020
01000020
01000020
01000020
01000020
01000020
00212002
00212002
00212002
00212002
00212002
20110000
01000020
01000020
01000020
20110000
11000020
11122202
11122202
01020022
11122202
11122202
11122202
11122202
00212002
00212002
00212002
20111020
20111020
22111020
21012211
22111020
01000020
01000020
11122202
11122202
20011020
00212112
00212112
20111020
21001010
10201222
10201222
10201222
10201222
10201222
22012211
22012211
22012211
10201222
20002220
