10211021
10211021
12021210
11210221
22211212
00222221
00222221
00222221
00222221
10010222
00222221
00222221
11102021
11102021
11102021
11102021
11102021
00222221
00222221
00222221
00222221
00222221
00222221
00222221
00222221
00222221
00222221
00222221
00222221
00222221
00222221
12201110
12201110
12201010
12201110
12201110
12201110
12201110
12201110
12212000
20002220
20002220
12212000
12212000
12201110
12212000
20002220
11212000
11212000
11212000
11212000
12201112
12212000
12201112
12201112
22002220
22002220
22002220
22002220
