10110101
10110101
10011100
10011100
00112101
10222011
00112101
10222011
12202101
10220200
10220202
10220210
10220210
10220210
10220210
10220210
10220210
10220210
10220210
10220210
10220210
12110102
10220210
12110102
10220210
10220210
10220210
10220210
01202212
12210221
01202212
01202212
10220210
10220210
20201201
20201201
20201201
20201201
20201201
11122202
11122202
11122202
11122202
12201110
11122202
12201110
11122202
11122202
11122202
11122202
11122202
20201201
11122202
11122202
11122202
11122202
12201110
20201201
11122202
