00110100
00110100
11110211
22021000
01020000
22210002
11102021
11102021
11102021
11102021
11102021
11102021
11102021
11102021
10022101
10022101
10022101
10022101
10022101
10022101
10022101
10022101
10022101
10022101
10022101
10022101
10022101
20002220
20002220
10022101
10022101
10022101
10022101
10022101
10022101
10022101
10022101
10022101
10022101
10022101
10022101
10022101
22002220
22002220
10022101
10022101
10022101
10022101
10022101
10022101
10022101
10022100
10022100
10022100
10022100
10022100
10022100
22002220
22002220
