11121122
11121122
01202110
22012211
20221212
20221212
20221212
20221212
01101210
00022012
10201222
21101010
22012211
10201222
22012211
21101010
21101010
21101010
10201222
10201222
10201222
10201222
22012211
10201222
21101010
10201222
21101010
10201222
21101010
10201222
10201222
22012211
10201222
22012211
22012211
22012211
10201222
10211222
22012211
22012211
22012211
22012211
22012211
22012211
22012211
20111020
20111020
00212112
00212112
01000020
01000020
01000020
01000020
01000020
01000020
01000020
01000020
12202000
21101010
