02210121
02210121
10100102
02120122
02010001
12110102
01011020
01212022
12212000
01212022
01212022
00221001
12212000
12212000
02220002
02220002
02220002
02220002
02220002
02220002
12110102
10220210
10220210
02220002
12110102
02220002
12212000
12212000
12212000
12212000
12222000
12212000
12222000
12212000
12212000
12212000
12110102
12212000
12212000
12212000
12212000
12212000
02110102
12212000
12212000
12212000
12212000
02110102
12212000
12212000
12212000
12212000
12212000
12212000
12212000
12012000
12212000
12212000
12212000
