00102202
00102202
22221120
10021021
11101201
11212001
11212001
21002010
21002010
12210221
10220200
21002010
12210221
10220211
12202101
02012101
02012101
20201201
00111120
10220211
01202212
20201201
20201201
01202212
01000020
01202212
01202212
01202212
01202212
01202212
11122202
11122202
11122202
10220210
12210221
20201201
11122202
11122202
11122202
21122202
11122202
12201110
12201110
12201110
12201110
12201110
12201110
12201110
12201110
12201110
11122202
20201201
11122202
20201201
20201201
12201110
20201201
11122202
11122202
