02102012
02102012
20121020
20221212
20121020
20221212
20121020
12212000
12212000
00022012
21101010
21101010
20122221
10201222
21101010
21101010
21101010
21101010
10201222
10201222
10201222
10201222
10201222
20111020
10201222
20012211
02212110
02212110
22012211
02212110
02212110
02212110
02212110
21001010
21001010
02212110
21001010
21001010
21001010
21001010
21001010
10201222
10201222
02212110
21001010
21001010
20111020
21001010
21101010
21101010
21101010
21001010
02212110
21001010
10201222
21101010
10201222
21101010
21101010
