12011021
12011021
21111011
20111011
22012101
20111011
12212000
22001112
10201222
10201222
22001112
20121020
02212110
02212110
21022201
10211201
21101010
22001112
20000220
10201222
20111020
21022201
20002220
20002220
20002220
20002220
20002220
20002220
20002220
20002220
10201222
20002220
10201222
10201222
10201222
10201222
10201222
20002220
22012211
02212110
20002220
02212110
20002220
20002220
20002220
20002220
20002220
20002220
21000010
12211000
20002220
20002220
22012211
22012211
22012211
22012211
20002220
22012211
20002220
