00201112
00201112
21010021
10011100
00110222
00110221
01000020
11122202
11122202
11122202
11122202
11122202
20222121
20222121
01202212
20222121
01200020
20222121
21222121
01200000
21222121
11122202
21222121
21222121
01000020
11000020
11000020
01000020
01000020
01000020
11122202
01000020
11122202
11122202
11122202
11122202
11122202
11122202
11122202
11122202
11000020
12201110
12201110
12201110
12201110
12201110
11122202
01020021
12201110
01020021
12201110
11000020
01020021
11122202
12201110
01000020
12201110
12201110
01000020
