22011022
22011022
12201110
12210022
12210022
12201110
01220201
12201110
12201110
12210221
12201110
12210221
12201110
12210221
10220210
10220210
10220210
10220211
10220210
10220210
10220210
10220210
10220210
10220210
10220210
12110102
12110102
10220210
12212000
12212000
02220002
02220002
12212000
12212000
12222000
12212000
12202000
12110102
12110102
12110102
12110102
12110102
11110102
12211000
12211000
12211000
12212000
12212000
12212000
12212000
12212000
12212000
12212000
12212000
12212000
11212000
12212000
12212000
12212000
