21222020
21222020
12212000
10022020
10022020
20221102
22101111
10022020
10022020
10022020
10022020
10022020
10022020
10022020
11212202
11102021
11102021
11122021
11212202
11102021
11102021
11102021
11102021
11102021
11102021
20002220
20002220
20002220
20002220
21002220
11102021
11102021
21002220
12211000
12211000
12211000
12211000
12211000
12211000
12211000
12211000
12211000
12211000
12211000
12211000
12211000
12211000
12211000
12211000
12211000
20002220
12110102
12110102
12110102
12110102
21101010
20002220
10201222
10201222
