01110002
01110002
12011200
20110000
10112122
01211012
10211201
01211012
10211201
10211201
20110000
10201222
10201122
10201222
10211201
10201222
10201222
10022101
20111020
10022101
10122101
10022101
10122101
10022101
10022101
10022101
10022101
10022101
10022101
22012211
10022101
10022101
10022100
22012211
22012211
10022100
10022100
10022100
10022100
10022101
10022101
12022101
12022101
12022101
12022101
12022101
12022101
10022100
10022100
10022100
10022100
10022100
10022100
10022100
10022100
10022100
10022100
10022100
10022100
