11221002
11221002
01011121
01121111
01121111
22012211
22001112
20121020
22012211
20121020
22012211
22012211
22012211
22012211
20122221
22012211
20110010
21101010
02212110
02211110
22012211
22012211
20111020
20111020
22012211
20111020
20121020
10201222
02212110
02212110
21101010
20111020
20111020
20111020
20111120
20111120
20111120
22012211
20111020
20111020
20111020
20111020
12202000
12202000
12202000
20111020
20111020
21101010
12202000
12202000
12202000
12202000
21101110
00212112
12202000
10201222
11101010
12202000
11101010
