20220200
20220200
11212200
21000021
00010220
00010220
01202212
01202212
11122202
01202212
11122202
11122202
11122202
11122202
11122202
11122202
11122202
01000020
11122202
11122202
11122202
11122202
01000020
11122202
11122202
01000020
01000020
01000020
01000020
01000020
01000020
01000020
11122202
01000020
01000020
01000220
01000220
11122202
11122202
11122202
11000020
11000020
11000020
01000020
11000020
11122202
11122202
11122202
11122202
01000020
01000020
01000020
01000020
01000020
01000020
01000020
01000020
12201110
11122202
