11001120
11001120
21200112
21010022
02012101
12012212
02012101
02012101
21010022
11000211
21010022
20201201
01202212
11022000
01202212
11122202
11122202
11122202
01000020
01000020
11122202
11122202
20201201
01000020
20021201
01202212
01202212
02012001
11122202
01202212
01220201
10220212
01220201
10220212
10220212
10220212
01220201
01220201
01220201
01220201
12201110
01220201
11122202
10220210
12201110
20201201
12201110
12201110
11122202
12201110
12201110
20201201
12201110
12201110
20201201
20201201
12201110
11122202
11122202
