10121021
10121021
20222121
01201021
11102211
21202122
01000020
01000020
11102111
01000020
01000020
01000020
01000020
01100020
10022101
00212002
10022101
11102111
00212102
00212102
00212002
10022101
00212102
00212112
00212102
00212110
00212112
00212112
00212112
11000020
11000020
10022100
10022100
10022101
10022100
10022101
11000020
10022100
11122202
11122202
12201110
12201110
12201110
12201110
12201110
12200110
12201110
01000020
11122202
12201110
12201110
12201110
12201110
10020100
10020100
10020100
10020100
10020100
10020100
