10110011
10110011
20022220
22021000
11102021
22210002
11102021
11102021
11102021
11102021
11102021
11102021
11102021
11102021
10102021
10022101
10022101
10022101
10022101
10022101
10022101
10022101
10022101
10022101
10022101
10022101
10022101
20002220
20002220
10022101
10022101
10022101
10022101
10022101
10122101
10022101
10022101
10022101
10022101
10022101
10022101
10022101
22002220
22002220
10022101
10022101
10022101
10022101
10022101
10022101
10022101
10022100
10022100
10022100
10022100
10022100
10022100
22002220
22002220
