22222222
22222222
22222222
22222122
22222122
22222122
22221222
22122122
22221202
12221202
12201202
22222021
22002022
22222021
12122122
22222022
22222022
12222111
22220112
02220000
22220012
02220000
20020012
22220000
20220012
21200000
02220100
22200020
02200100
22200220
02201100
22220200
22200220
01000001
00020111
01020011
01221120
02221220
01220121
20000111
01220121
20000111
22120120
01220121
21120120
22120120
02120100
20220010
12122110
22100222
22101011
22221012
22101012
20000021
22001012
12122120
22101001
02121001
22101201
22100001
22002001
02121101
22120211
20121201
22002002
01120201
01120201
