00021211
00021211
22001112
01121111
22001112
22021112
22012211
22012211
22012211
20121020
22012211
22012211
22012211
22012211
22012211
20122221
22001112
22012211
21101010
22012211
22012211
22012211
22012211
20111020
02212120
21101010
11102111
20111020
22012211
22012211
22012211
22012211
22012211
22012211
22012211
20111120
22012211
20111020
22012211
22012211
22012211
20111020
20111020
20111020
20111020
20111020
20111020
21101010
21101010
22012211
20111020
00212112
21101010
11101010
11101010
11101010
11101010
11101010
11101010
