11221111
11221111
12101211
21022000
21010022
01011001
21010022
12101211
01011001
01011001
21010022
01000020
01000020
01000020
20110000
01011001
20110000
22012211
01101210
22012211
22012211
22012211
22012211
22012211
22012211
20111020
22012211
22012211
22012211
22012211
22012211
22012211
22012211
21101010
22012211
22111020
22111020
22111020
02212110
22111020
22012211
22012211
22012211
21001010
21001010
21001010
21001010
21001010
21001010
02212110
21001010
01212110
02212110
21101010
10201222
21101010
10201222
10202222
10201222
