11101112
11101112
01201021
21020222
10120111
02100111
02100111
11122202
11122202
11122202
11122202
11122202
11122202
11122202
21100211
21100211
21100211
21100211
11122202
11122202
21222121
11122202
21222121
11122202
11122202
11122202
01000020
11122202
11122202
01000020
01000020
11000020
11122202
11122202
11000020
11000020
21122202
11000020
01002020
11000020
01220201
01000020
11122202
11000020
11122202
11122202
11122202
11122202
01000020
01000020
10020100
10020100
10020100
10020100
10020100
12201110
11122202
11122202
22201201
