00200012
00200012
20111011
20111011
22001112
22001112
22001112
10201222
21101010
10201222
21101010
10201222
10201222
20121020
21101010
22012211
10201222
10201222
10201222
10201222
10201222
10201222
20111020
20111020
02212110
02212110
02212110
21101010
21001010
10201222
02212110
10201222
21101010
02212110
10201222
21001010
02212110
02212110
02212110
02212110
02212110
02212110
02212110
22012211
02212110
02212110
22012211
20111020
20111020
20111020
20111020
00212112
00212112
12002000
00212112
00212112
22012211
22012211
22012211
