22102111
22102111
00022012
01101210
01101210
00022012
01101210
00022012
01101210
00022012
11012022
11012022
10201222
21101010
21101010
21101010
21101010
21101010
10201222
10201222
10211222
10201222
10201222
10201222
10201222
10201222
10201222
10201222
10201222
10201222
21001010
02212110
02212110
02212110
02212110
02212110
21001010
21001010
02212110
21001010
21101010
21101010
21101010
21001010
21001010
21001010
21001010
21001010
21001010
02212110
21001010
21001010
21001010
21001010
21002010
21001010
01212110
21001010
21001010
