20102100
20102100
11122202
11122202
11122202
20111011
22001112
22012211
22012211
22012211
22012211
22012211
22012211
22012211
20122221
22012211
22012211
22012211
21101010
22012211
22012211
22010211
22012211
20111020
22012211
22012211
22012211
22012211
02212110
22012211
22012211
22012211
02212110
02212110
22012211
22012211
22012211
12202000
10201222
20111020
22012211
20111020
22012211
20111020
20111020
20111020
12202000
21101010
12202000
12002000
11101010
12202000
10201222
12202000
11101010
11101010
11101010
11101010
12202000
