22220011
22220011
21020222
20021001
12010221
01000020
01000020
01000020
01000020
01000020
01000020
01000020
01000020
00212002
00212002
01000020
01000020
00212002
01000020
00212002
11000020
01000020
11000020
01020020
01000020
01020020
01020020
01020020
11000020
11000020
11122202
01020020
01020020
01000020
01020020
01000020
01000020
01000020
01000020
20111120
11020020
11122202
01000020
02212112
11000020
01000020
01000020
11122202
11122202
01000020
01000020
11122202
11122202
11122202
11122202
11122202
21122202
11122202
11122200
