11000211
11000211
20112000
22200202
22002102
22210002
11102021
11102021
20110000
11102021
11102021
11102021
20110000
10022101
10022101
10022101
10122101
10022101
10122101
10122101
10022101
10022101
10022101
10022101
10022101
10022101
10022101
10022101
10022101
10022101
10022101
10022101
10022100
10022101
10022101
10022001
10022101
10022101
10022101
10022101
12022101
12022101
12022101
12022101
12022101
12022101
12022101
10022100
10022100
10022100
10022100
10022100
10022100
10022100
10022100
10022100
10022100
10022100
10022100
