21120202
21120202
21111001
11022010
11022010
11022010
11022010
11022010
20122221
20122221
20122221
20122221
21101010
22001112
22001112
22012211
22012211
22012211
22012211
10201222
22012211
21101010
10201222
10201222
21101010
21101010
21101010
21101010
21101010
21101010
21001010
21001010
21001010
02212110
02212110
02212110
22012211
02212110
02212110
21001010
21001010
02212110
10201222
02212110
21001010
21001010
21001010
21001010
21001010
10201222
10201222
10201222
10201222
22012211
22012211
22012211
10201222
20002220
20002220
