01111022
01111022
00122012
21010212
20201201
12020010
10222011
10222011
10222011
00111120
10222011
00111120
01202212
02012101
02012101
02012101
20221201
11022000
21100211
20221201
01202212
01202212
01202212
20021201
01202212
20021201
01202212
01202212
01202212
12110102
10220210
01220201
01220201
21220201
01220201
01220201
11122202
01220201
11122202
11122202
11122202
11122202
11122202
11122202
10220210
11122202
11020020
20201201
20201201
11122202
11122202
11122202
11122202
11122202
11122202
11122202
11122202
11122202
20201201
