02200122
02200122
01122012
02010001
11002122
20210021
01011020
01011020
00221001
20210021
12212000
11012022
12212000
10201222
12212000
12212000
12212000
12212000
12212000
12212000
12212000
12212000
12212000
12212000
12110102
12212000
12212000
12212000
12212000
02220002
12212000
12212000
12212000
12212000
12212000
12212000
12212000
12110102
12212000
12212000
12212000
02110102
12212000
12212000
12212000
12212000
12212000
02110102
12212000
12212000
12212000
12212000
12212000
12212000
12212000
12212000
12212000
10122202
12212000
