12011021
12011021
11001122
02121121
02220101
11000211
01120022
12012212
02220101
02220101
02220101
12201110
12201110
12201110
12201110
12201110
12201110
12201110
12201110
12201110
10022101
12201110
12201010
12201110
12201110
12201110
12201110
11201110
01202212
12201110
12201110
12201110
12201110
12201110
12201110
12201110
12201110
12201110
12201110
12201110
12201110
12201110
12201110
12201110
12201110
11122202
12201110
12201110
12201110
12201110
12201110
12201110
22201201
12201110
10020100
10020100
10020100
10020100
10020100
