22112021
22112021
21012220
00010220
00010200
11122202
11122202
01202212
11122202
11122202
11122202
21100211
21100211
21100211
21100211
21100211
21100211
21100211
21100211
11122202
02012101
01202212
01202212
01202212
01202212
11122202
11122202
11122202
11122202
11122202
11122202
11122202
11122202
11122202
11122202
11122202
01220201
11122202
11122202
10220210
11122202
11122202
20201201
11122202
11121202
11122202
11122202
11122202
00222221
20201201
20201201
11122202
11122202
11122202
11122202
11122202
11122202
20201201
20201201
