11120001
11120001
01202002
02210120
02210120
12201110
01011001
12201110
00212002
00212002
00212002
01000020
20222121
01000020
01000020
00212002
01000020
11102111
11102111
11102111
11102111
20222121
11122202
01000020
11000020
00212110
11000020
11000020
01020022
11122202
11122202
01000020
11122202
11000020
11122202
11000020
11122202
11122202
11122202
11122202
11000020
11000020
11122202
11122202
01000020
01000020
11122202
01000020
11122202
01000020
01000020
12201110
12201110
12201110
20201201
20201201
20201201
20201201
11122202
