20112010
20112010
10010222
10022020
10010222
10010222
10010222
10010222
10010222
10010222
10010222
10010222
10010222
10010222
10010222
00222221
11012022
10011222
12201110
12201110
00222221
00222221
00222221
00222221
00222221
00222221
00222221
00222221
12212000
00222221
00222221
00222221
12201110
20002220
12211000
12211000
12212000
12212000
12212000
12212000
12212000
12212000
12212000
12212000
12212000
11212000
11212000
11212000
11212000
11212000
12201112
12212000
10110102
10110102
10110102
11122202
11122202
11122202
11122202
