22020002
22020002
21200112
21010022
02012101
22212101
21001001
02220101
01120022
02012101
12201110
02220101
20201201
12201110
11122202
11122202
00112120
11122202
11122202
01000020
01000020
11122202
20201201
01000020
01000020
01000020
11122202
12110102
10220210
10220210
10220210
12210221
11122202
10220210
10220010
11122202
11122202
11122202
20201201
11122202
20201201
20201201
11122202
11122202
11122202
11122202
11122202
11122202
11122202
11122202
11122202
20201201
11122202
11122202
11122202
11122202
10020100
11122202
11122202
