11201221
11201221
00212002
11102111
22101020
01000020
01000020
01000020
01000020
01000020
01000020
01000020
01000020
01000020
01000020
01000020
20110000
01000020
01000020
01000020
01000020
01000020
11102111
11102111
11102111
01000020
01000020
11122202
11122202
01000020
00212112
10022101
11222202
00212112
11122202
00212112
11122202
00212112
00212112
00212112
00212112
00212112
00212112
00212112
01000020
01000020
00212112
01000020
01000020
22012211
01000020
01000020
12012211
22012211
22012211
22012211
01000020
22012211
22012211
