00011122
00011122
10101120
12210022
12201110
12201110
12201110
12201110
12201110
12201110
12201110
12201110
10220210
10220210
12201110
12201110
12201110
12201110
12201110
12201110
12201110
12201110
12201110
12201110
12201110
12201110
12200110
12200110
00222221
12200110
20201201
12200110
12200110
12201110
12201110
00222221
00222221
12201110
20201201
12212000
12212000
12201110
12201110
12212000
12201110
12201110
12200110
12201110
12200110
12201110
12212000
12212000
12212000
12112000
12112000
12201111
12201110
12212000
12201110
