00001112
00001112
21002212
00010220
01201021
00202012
01100020
01100020
20222121
20222121
22222121
22222121
20222121
20222121
21222121
01000020
01200020
01200020
01200020
01200020
01200020
00212102
00212102
00212102
00212102
00212112
11000020
00212102
11122202
01202212
01000020
01000020
01202212
01000020
01000020
01000020
01000020
01000020
01000020
01000020
01000020
01000020
01000020
01000020
10022100
01000020
01000020
01000020
10022100
01000020
10020100
10020100
11122202
10020100
10020100
10020100
11122202
11122202
11122202
