22212221
22212221
21120120
01120022
12012212
12012212
12012212
12201110
12201110
20222112
20222112
20222112
12201110
12201110
12201110
12201110
12201110
12201110
12201110
12201110
12201110
12201110
12201110
12201110
12201110
12201110
12201110
12201110
12201110
12201110
12201110
12201110
12201110
12201110
12201110
12201110
12201110
12201110
12201110
12201110
20201201
12201110
12201110
12201110
22201201
12201110
12201110
11222202
12201110
11122202
10122100
10022100
12201110
11122202
11122202
12201110
11122202
11122202
10022100
