02202212
02202212
20111011
20111011
10201222
10201222
10201222
10201222
21101010
21101010
21101010
10201222
10201222
10201222
02212110
10201222
22012211
22012211
22012211
02212110
02202110
22012211
10201222
10201222
21101010
02212110
02212110
21101010
21101010
02212110
02212110
02212110
02212110
22012211
21101010
22012211
22012211
22012211
02212110
02212110
02212110
02212110
02212110
02212110
02212110
02212110
22012211
22012211
20111020
20111020
20111020
20111020
00212112
21001010
21001010
21001010
21001010
21001010
21001010
