10000112
10000112
12201110
02210120
02210120
02201101
01011001
01011001
01011001
11102111
01011001
01000020
11102111
01011001
11102111
11102111
11122202
11122202
11122202
21222121
11122202
01000020
21222121
00211002
00212002
00212002
11000020
11000020
11000020
11000020
11000020
11000020
01020020
01000020
01000020
01020020
01000020
01000020
01000020
11122202
11122202
01020020
11000020
11122202
11122202
11122202
11122202
01000020
11122202
11122202
11122202
11122202
11122202
10020100
10020100
01001020
01000020
10020100
10020100
