01111101
01111101
01222102
20202022
20222121
20222121
11122202
20111201
20111201
01202212
20222121
00212002
00212002
20222121
01011001
01011001
00212002
11102111
11122202
11122202
01000020
01000020
11000020
01000020
01000020
01000020
11000020
11000020
01020020
01020000
11000020
01020020
11000020
11000020
11000020
01000020
01020020
01020020
02000020
01020020
01000020
01000020
01000020
01000020
11122202
11122202
01000020
11122202
11122202
11122202
01000020
01000020
11122202
10020100
10020100
10020100
10020100
10020100
10020100
