22200012
22200012
22012211
20121020
20121020
20221212
20221212
00022012
01101210
01101210
20121020
20121020
02212110
22012211
10201222
02212110
22012211
21101010
21101110
10201222
10201222
10201222
10201222
10201222
02212110
10201222
10201222
02212110
02212110
02212110
02212110
22012211
02212110
22012211
22012211
22010211
22012211
22010211
22010221
10201222
12222000
22012211
20111010
00212112
22012221
22012211
00212112
22010211
20111020
21001010
21101010
21101110
21101110
02212110
21101110
21001010
00212112
00212112
01212110
