01201110
01201110
20201111
12220201
01121121
00212002
01201120
11102111
01201120
02212110
20121020
02212110
02212110
02212110
02212110
02212110
02212110
02212110
02212110
02212110
02212110
02212110
02212110
02212120
02212120
02212110
20111020
21001010
21001010
21101010
01212110
02212110
02212110
22012211
21001010
02210110
21001010
20111010
21001010
20111020
20111020
22012211
20111020
20111020
20111020
20111020
20111020
22012211
20111020
00212112
00212112
12202000
21001010
21101110
21101110
21001010
11101010
11101010
11101010
