22222222
22222222
12222222
22222222
12221220
22221022
21222221
22221221
22220202
12011021
10022021
22002022
12222121
22002022
12120121
20000022
12120121
20000022
20122021
12202111
02102111
12202121
02102211
22222110
22222210
20020012
21020011
02202111
21020011
21010011
02202121
01020111
01020011
02102111
02202101
12200111
02202201
02202012
22000121
12000121
02200211
20000111
22120211
02201222
22110210
12120110
02110211
22110201
22121120
22111120
11120211
11120201
22100220
22000012
22000002
21000012
22101001
22101001
11120210
10120220
10220210
10110210
00111001
10110210
22002020
02002000
11100222
