20010211
20010211
00110221
11102211
01112110
01100020
01000020
01000020
01000020
01000020
01000220
01000020
01000220
01000020
01000020
00212002
01200020
01200020
21222121
21222121
01200020
11122202
11122202
12122202
01000020
01000020
11000020
01000020
11000020
11000020
11122202
11122202
11122202
00212112
11122202
01000020
11122202
11122202
01000020
00212112
10022100
00212112
01000020
00212112
01000020
01000020
01000020
01000020
01000020
01000020
01000020
10022100
01000020
01000020
01000020
01000020
01000020
01000020
22012211
