12110102
12110102
10100102
20202102
01101111
01101111
22220002
22220002
12110102
12110102
12110102
12110102
12110102
12110102
12110102
12110102
12110102
12212000
02220002
02220002
12110102
02220002
12212000
12212000
12212000
12212000
12212000
12110102
12212000
12110102
00222221
00222221
00222221
00222221
00222221
00222221
00222221
12212000
12212000
12212000
02110102
12212000
12212000
12212000
12212000
12212000
12212000
12222000
12212000
12212000
12212000
12212000
12212000
12201110
12212000
12212000
12212000
12212000
12212000
