02211212
02211212
20212011
20212011
11212012
20111011
20212011
10201222
10201222
10201222
10201222
10211201
10201222
10211201
10201222
10201222
20111020
10201222
20111020
20122221
10201222
20122221
22012211
22012211
22012211
20111020
22012211
22012211
10022101
22012211
10022101
22012211
22012211
22012211
22012211
22012211
22012211
22012211
22012211
10022100
22011211
22012211
22012211
22012211
00212112
22012211
20111020
20111020
00212112
00212112
00212112
00212112
00212112
00212112
00212112
22012211
22012211
22012211
01000020
