02212000
02212000
21120002
21211021
12020010
20201201
20201201
21002012
00112101
10220210
00112101
00112101
21002010
12210221
00112101
11022000
00111120
20201201
02012101
02012101
01220201
01220201
02012001
10220210
01202212
12210221
11122202
11122202
11122202
11122202
11122202
11122202
11122202
10220210
10220210
10220210
11122202
11122202
11122202
10220210
01220201
11122202
11122202
11122202
11122202
20201201
20201201
20201201
12201110
12201110
12201110
12201110
12201110
12201110
12201110
12201110
11122202
12201110
12201110
