02101121
02101121
20121021
01112122
21001001
02012101
21010022
02012101
21010022
21100211
01202211
01202211
21100211
01202212
01202212
20201201
10220211
10220211
01202212
01202212
01202212
01202212
12201110
12201110
12201110
12201110
20201201
20201201
20201201
20201201
20201201
20201201
20201201
12201110
12201110
20201221
12201110
12201110
12201110
20201201
20201201
20201201
11122202
11122202
11122202
11122202
11122202
11122202
11122202
11122202
11122202
11122202
22201201
11122202
11122202
11122202
11122202
11122202
11122202
