21110100
21110100
12212000
10022020
10022020
20221021
10022020
12212000
12212000
12212002
10022020
12212000
12212000
12212000
12212000
12212000
12212000
22001112
02212110
02212110
02212110
02212110
02212110
02212110
02212110
02212110
02212110
02212110
02212110
22012211
12212000
12110102
12110102
12110102
12110102
22012211
12110102
12222000
12222000
12222000
12222000
12222000
12222000
12222000
12222000
12222000
12212000
12212000
12212000
12212000
12212000
12212200
12212200
12212000
12212000
12212000
12212000
12212000
12212000
