10101202
10101202
10202002
20221212
20221212
20221212
20221212
20221212
01101210
01101210
11012022
11012022
12212000
10201222
00221001
02220002
01212002
00221001
02220002
02220002
02220002
02220002
02220002
02220002
02220002
02220002
12212000
12212000
12212000
12212000
11110102
12212000
12212000
12110102
12211000
12211000
21101010
12211000
22012211
21101010
21101010
21101010
21101010
21101010
21101010
21101010
12212000
21101010
12110102
10212000
12212000
12212000
12212000
12212000
12112000
12201110
12212000
12212000
12212000
