11020011
11020011
12022101
10112122
20110000
20110000
20110000
20110000
20110000
01011001
20110000
20110000
20110200
20110200
20110200
20110200
20110200
20110200
20110200
20110200
11102111
11102111
11102111
20110200
20110200
11102111
20111020
20111020
20111020
22012211
22012211
22012211
22012211
10201222
21001010
21001010
10201222
02212110
02212110
02212110
02212110
02212110
02212110
02212110
02212110
02212110
02212110
21001010
10201222
02212110
02212110
21001010
21001010
21001010
21001010
21001010
21101010
21101010
21101010
