12122101
12122101
12201110
12201110
12110221
12210221
12210221
12210021
01220201
01220201
12210221
21002010
21002010
00112101
12210221
01020221
10220210
02012101
01220101
02002101
02002101
12210221
12210221
01202212
01202212
20021201
11122202
11122202
11122202
11122202
11122202
11122202
11122202
11122202
10220210
11122202
11122202
11122202
11122202
11122202
11122202
11122202
12201110
12201110
12201110
12201110
11122202
12201110
12200110
12201110
12201110
12201110
12201110
12201110
12201110
12201110
12201110
12201110
12201110
