20000012
20000012
02222120
02122102
10022101
02122102
10022101
10022101
10022101
10022101
10022101
10022101
10022101
10022101
10022101
10022101
10022101
10022101
10022101
10022101
10022101
10022101
10022101
10022101
10022101
10022101
10022101
10022100
10022101
10022100
10022100
10022100
10022100
10022101
10022100
10022100
10022100
10022100
10022100
10022100
10022100
12022101
10022100
12022101
10022100
10022100
10022100
12022101
10022100
10022100
10022100
10022100
10022100
10022100
10022100
10022100
10022100
10022100
10022100
