20220112
20220112
02220002
02220002
00221001
12110102
12110102
12110102
12110102
02220002
21002012
02220002
12110102
02220002
02220002
02220002
12110102
12212000
12110102
12110102
12110102
02220002
12110102
12110102
12110102
12212000
12110102
12212000
12110102
12212000
12212000
12212000
12212000
12212000
12212000
12212000
12212000
12212000
12212000
12212000
12110102
12110102
12110102
12110102
12110102
12110102
12110102
11212000
12110102
10110102
12212000
10110102
10110102
10110102
10110102
10110102
10110102
10110102
12110102
