10022101
10022101
02122102
10022101
02122102
10022101
11102021
10022101
10022101
10022101
10022101
10022101
10022101
10022101
10022101
10022101
10022101
10022101
10022101
10022101
10022101
10022101
10022101
10022101
10022101
10022101
10022101
10022101
10022101
10022100
10022100
10022100
10022100
10022101
10022100
10022100
10022100
10022100
10022100
10022100
10022100
10022100
10022100
12022101
10022100
10022100
10022100
10022100
10022100
10022100
10022100
10022100
10022100
10022100
10022100
10022100
10022100
10022100
10022100
