12002022
12002022
21211022
22001112
22001112
22001112
20122221
22001112
11022010
20122221
20122221
22012211
22012211
22012211
22010211
22012211
22012211
22012211
22012211
22012211
22012211
22012211
22012211
21101010
20111020
10201222
21101010
21101010
21101010
21101010
22012211
22012211
20111020
22012211
22111020
22111020
22111020
22111020
22111020
22012211
20111010
12202000
22012211
21001010
21001010
10201222
22012211
12002000
12002000
22012211
12002000
20111020
21001010
12002000
10201222
00212112
00212112
21001010
21001010
