20210210
20210210
01022010
12212000
12212000
11012022
12212000
12212000
20221212
01212022
01212022
12212000
10201222
21001002
00221001
10201222
02220002
12212000
12212000
12212000
12212000
12212000
02220002
12212000
12212000
12212000
12212000
12110102
12212000
12212000
11110102
11110002
11110102
11110002
12110102
11110102
12212000
12110102
12110102
12110102
10212000
12212000
12212000
12211000
12212000
12110102
12212000
12212000
12212000
12212020
12212000
12212000
12212000
12212000
10110102
10110102
12212000
10110102
12110102
