20211000
20211000
22001000
01220201
12021212
22212101
22212101
22212101
21010022
12201110
12201110
12202101
20201201
01202211
02012101
02012101
02012101
02012101
20201201
20221201
01202212
01202212
12210221
01202212
11122202
11122202
01202212
12210221
12210221
11122202
01202212
01202212
10220210
10220210
10220210
10220210
10220210
10220210
11122202
11122202
11122202
11122202
11122202
11122202
11122202
11122202
11000020
11000020
12201110
20201201
12201110
20201201
11112202
11112202
11122222
20201201
11122202
11122202
12201110
