12120221
12120221
22220222
22001112
22001112
22001112
20122221
22001112
20122221
20122221
20122221
22012211
22012211
22012211
21101010
21101010
21101010
21101010
22012211
21101010
22012211
22012211
20111020
20111020
22012211
22012211
22002211
22012211
21101010
22012211
22012211
22012211
22012211
22012211
02212110
22012211
22012211
22012211
22012211
22012211
22012211
02212110
20111020
02212110
20111020
20111020
20111020
20111020
20111020
22012211
22012211
22012211
22012211
22012211
22012211
01000020
00212112
22012211
22012211
