00101222
00101222
02212102
12212000
12120220
22220222
12212000
12212000
20121020
20121020
00022012
21001112
10201222
21101010
21101010
11012022
10201222
22012211
22012211
21101010
22012211
20111020
20111020
20111020
20002220
20002220
21101010
10201222
21101010
10201222
10201222
10201222
21101010
10201222
22012211
22010211
10201222
10201222
10201222
22012211
02212110
20002220
20002220
20002220
20002220
12211000
12211000
20002220
21000010
12211000
20002220
20002220
20002220
20002220
20002220
20002220
20002220
20002220
12110102
