01112222
01112222
11002011
00222221
11210120
00222221
01020000
00222211
00222221
00222221
00222221
00222221
00222221
00222221
00222221
20222112
12201110
00222221
00222221
00222221
00222221
00222221
11201110
00222221
00222221
00222221
00222221
00222221
00222221
20222221
00222221
12201110
12201110
12201110
12201110
12201110
12201110
12201110
12200110
12201110
12201110
12201110
12201110
12201110
12201110
12212000
12212000
12212000
12212000
12212200
11212000
11212000
12212200
12201112
12201112
12201112
12201112
12201112
12201112
