10010000
10010000
02121121
01120022
01120022
12201110
12201110
12201110
12201110
12201110
12201110
12201110
12201110
12201110
12201110
12201110
12201110
12201110
12201110
12201110
00222221
12201110
12201110
12201110
12201110
12201110
00222221
12200110
12201110
12201110
12201110
12201110
12201110
12201110
12201110
12201110
12201110
12201110
12201110
12201110
12201110
12201110
12201110
12201110
12212000
11212000
11122202
11122202
11122202
12212000
12212000
12212000
12212000
12212000
12212000
12212000
12212000
12212000
12212000
