01221020
01221020
01102212
21020222
21111221
10120111
10120111
10120111
11122202
11122202
01000220
01000220
11122202
01000020
01000020
01000020
21100211
11122202
21100211
11122202
21222121
11122202
01000020
11122202
11122202
11122202
01000020
11122202
01000020
01000020
11122202
11122202
11122202
11122202
11122202
11122202
11122202
11122202
11122202
11122202
11122202
11122202
12201110
12201110
12201110
12201110
11122202
11122202
11122202
11122202
11122202
12201110
11122202
11122202
11122202
11122202
11122202
11122202
01000020
