02001200
02001200
12120220
20111011
20111011
10201222
10201222
10201222
10201222
10201222
10201222
10201222
10201222
11012022
21101010
21101010
21101010
22012211
22012211
10201222
21101010
10201222
10201222
10201222
10201222
10201222
10201222
10201222
10201222
02212110
21101010
02212110
02212110
22022211
02212110
22012211
02212110
02212110
02212110
02212110
21001010
10201222
21101010
21001010
12202000
21101010
21101010
10200222
21001010
21001010
21101010
21001010
21001010
21001010
21001010
10201222
21001010
10201222
21001010
