02202010
02202010
12022101
11102021
11102021
11102021
20110000
11102021
11102021
10022101
10022101
10022101
11102021
20110000
10022101
10022101
10022101
10022101
10022001
10022101
10022101
20122221
10201222
10122121
20111020
20111020
20111020
20111020
20111020
20111020
20111020
20111020
10022101
20111020
22012211
22111020
22111020
00212002
22012211
22111020
22010221
11122202
11122202
12202000
20111020
20111020
20111020
21101010
12202000
20111020
12202000
21101010
00212112
11101010
12202000
10201222
10201222
00212112
11101010
