22102111
22102111
21212021
21202122
21202122
01100020
01100020
20222121
20222121
22001211
20222121
20222121
11102111
11102111
11102111
11102111
11102111
01000020
01000020
01000020
01000020
01000020
01000020
11000020
01020020
11122202
11122202
11122202
11122202
11122202
11122202
11122202
11122202
11122202
01020020
11122202
01000020
01000020
20111120
01000020
11122202
01000020
01000020
01000020
01000020
01000020
01000020
01000020
01000020
01000020
11122202
11122202
11122202
11122202
01020021
11122202
12201110
12201110
01000020
