01200002
01200002
01122100
01121111
22001112
22001112
22001112
22012211
22012211
22012211
22012211
22012211
22012211
20122221
22012211
22012211
01101210
21101010
22012211
22012211
22012211
22010211
20111020
02212120
22012211
11101010
22012211
22012211
22012211
22012211
22012211
20111020
20111020
21101010
20111020
21101010
21101010
20111020
20111020
20111020
20111020
20111020
20111020
20111020
20111020
20111020
20111020
20111020
21101010
21101010
10201222
21101010
21101110
21101110
10201222
00212112
00212112
21001010
11101010
