20010211
20010211
21200001
20210122
10220210
12021212
10220210
10220210
10220210
21010022
10220210
12210221
10220210
12210221
10220210
12210221
00112101
02012101
01220201
02012001
01220201
01220201
01220201
01220201
01220201
12110102
10220210
12110102
10220210
10220210
20220210
10220210
10220210
10220210
10220210
10220210
10220210
00222221
00222221
00222221
12212000
12212000
12212000
12212000
12212000
12212000
12212000
12212000
12212000
12212000
12212000
12212000
12212000
12212000
12212000
12212000
12212000
12212000
12112000
