22222222
22222222
22222222
12222222
22222222
02222222
02222221
12221222
22221221
12221222
12202222
00202222
00202022
00202222
12212122
12220212
02222220
02222220
02222220
02222220
22122021
22022221
00001222
10122102
00002122
00102120
02001222
02022112
02000222
22000222
02010221
01002221
02110221
02002220
22010221
22010201
21020201
21020121
21020201
01020201
21020001
20020001
12020001
10021121
10020121
20020222
22020221
20000221
20100221
20120221
21220210
12122110
21220212
12122110
21220212
20120212
02121110
20020012
21120212
20022012
20020022
22000022
00020122
00020111
00020102
20020111
22022111
