21210222
21210222
11221212
11221212
00010220
01202212
00001020
01202212
01202212
01202212
20201201
20021110
12202101
02012101
00111120
01202212
02012101
20221201
20201201
02012101
01202212
02012101
01202212
20021201
01202212
11122202
11122201
01202212
20021201
11122202
11122202
11122202
11122202
11122202
11122202
10220210
11122202
11122202
11122202
11122202
10220210
11122202
11122202
11122202
11122202
11020020
11122202
12201110
20201201
12201110
12201110
02201110
22201201
12201110
11122202
11122202
11122202
11122202
12211110
