11100000
11100000
11210120
22211212
00222221
00222221
00222221
00222221
00222221
00222221
00222221
20222112
20222112
20222112
12201110
00222221
00212221
00222221
00222221
00222221
11201110
00222221
00222221
00222221
00222221
00222221
12201110
00222221
12201110
12201110
00222221
12201110
12201110
12201110
12201110
12201110
12201110
12201110
12201110
12201110
12201111
12201110
12201110
12201100
12212000
12212000
12212000
12212000
11212000
11212000
11122202
11212000
12201112
11122201
11122202
12201112
12201112
11122201
11122202
