20100100
20100100
00211010
11122202
21020222
10120111
00202121
00202121
01000020
11102111
01000020
11102111
00212002
11102111
01000020
11102111
01000020
00212002
20110000
20110000
01000020
01000020
01000020
21222121
01020020
11000020
01020020
01020020
11000020
11000020
01000020
01020020
01020020
11122202
01000020
11122202
11122202
01000020
11122202
01000020
11122202
20111120
11122202
11122202
01000020
11122202
01000020
01000020
01000020
11122202
01000020
11122202
01000020
01000020
01000020
01000020
10020100
10020100
10020100
