02221220
02221220
11211021
01102010
20001111
21020222
00202121
00212002
01000020
12201110
01000020
00212002
00212002
00212002
00212002
00212002
01000020
00212002
01000020
01000020
11000020
11000020
11000020
11000020
11000020
11000020
00212002
11000020
11000020
01000020
01000020
11122202
01000020
01000020
01000020
20111120
20111120
01000020
11000020
01000020
01000020
01000020
01000020
01000020
01000020
01000020
01000020
11122002
11122202
11122202
11122202
11122202
11122202
01000020
01000022
01000020
11122202
01000020
01000020
