22220022
22220022
02111221
02000100
22102200
22102200
22102200
22102200
22102200
22102200
12201110
12110102
12210221
12210221
12210221
12210221
12210221
12110102
11110102
11110102
11110102
11110102
12110102
02012101
10220210
12110102
02012001
20201201
20201201
20201201
20201201
20201201
12200110
20201221
12201110
12201110
12201110
12201110
12201110
12201110
12201110
12201110
12212000
12201110
12201110
12201110
12201110
12112000
12201110
12112000
12201110
12201110
12201110
12201110
12201110
12201110
12201110
12201110
12201110
