10220211
10220211
20110201
01122110
01112110
01100020
01100020
20222121
01100020
22001211
22001211
22001211
01000020
01000020
01000010
11122202
11122202
11122202
01000020
01000020
01000020
01000020
01000020
01000020
01000020
11122202
11122202
01000020
11000020
01000020
11000020
11000020
01000020
01000020
01000020
01000020
01000020
11000020
11000020
12000020
11000020
11000020
11000020
20111120
11122202
11122202
01000020
01000020
01000020
01000020
01000020
01000020
11122202
11122202
01000020
01000020
01000020
01000020
01000020
