00201121
00201121
00221101
00221101
11212001
22102012
11022000
00112101
00122101
00112101
00112101
00112101
12210221
12210221
00112101
00111120
20201201
10220211
02012101
02012001
01220201
20221201
01220201
01220201
01220201
01220201
01220201
10220210
01220201
01220201
01220201
20201201
01220201
01202212
20201201
11122202
12210221
11122202
00222221
01220201
20201201
20201201
20201201
11122202
00222221
20201201
12201110
12201110
11122202
11122202
11122202
11122202
12201110
11122202
11122202
11122202
11122202
11122202
11022202
