02002201
02002201
22102120
11020202
11020202
11020202
11020202
11020202
01011020
20210021
12212000
12110102
02220002
02220002
11012022
02220002
12212000
12212000
12212000
12212000
02220002
12212000
12212000
02220002
12212000
02220002
02220002
02220002
02220002
02220002
22012211
12212000
12110102
12212000
22012211
12211000
22012211
12212000
12211000
12211000
21101010
21101010
21101010
21101010
21101010
00222221
12212000
12212000
12212000
12212000
12120102
12212000
12212000
12212000
10110102
12110102
12110102
12110102
12110102
