21121112
21121112
10022222
10022222
20012101
21022201
20002220
21022201
20002220
21022200
21022201
20002220
21022201
20002220
21022201
20002220
21022201
20002220
21022201
11102021
20002220
20002220
20002220
20002220
20002220
20002220
20002220
20002220
20002220
20002220
20002220
20002220
20002220
20002220
20002220
20002220
20002220
20002220
20002220
20002220
20002220
22002220
22002220
20002220
20002220
20002220
20002220
22002220
20002220
20002220
20002220
20002220
20002220
20002220
20002220
22002220
22002220
22002220
22002220
