01020000
01020000
12221020
10210112
10210112
10210112
11022000
11022000
00111120
21010022
21010022
20201201
20201201
01202211
02012101
20201201
21100211
01020221
20201201
01202212
20201201
20201201
20201201
01202212
01202212
01202212
01202212
01202212
01202212
10220210
10220210
01220201
01220201
01220201
01220201
01220201
01220201
01220201
01220201
11122202
11122202
11122202
11122202
11122202
11122202
11122202
12201110
12201110
11122202
12201110
11122202
20201201
11112202
11112202
11122202
20201201
11122202
11122202
12201110
