22022022
22022022
12010221
12010221
10221200
11102111
11102211
01000020
01000020
01000020
11102111
01000020
00212002
00212002
01000020
00212102
11102111
11102111
00212102
11102111
00212102
00212102
00212112
10022101
11102111
01000020
10022101
10022101
10022101
10022100
10022100
11122202
11122202
11122202
11122202
00212112
11122202
11122202
10022100
11122202
11122202
10022100
01000020
01000020
10022100
01000020
10022100
10022100
10022100
10020100
10020100
10020100
10020100
10020100
10000100
10020100
11122202
11122202
10020100
