20102112
20102112
00120200
00120200
11022000
12202101
10220210
10220210
10220210
10220210
12202101
20021110
00111120
10220211
12202101
02012101
00111120
10220211
01202212
12210221
01202212
12201010
12201110
12201110
01202212
11202212
11201110
01202212
01202212
11122202
01202212
12201110
11122202
11122202
11000020
01220201
01220201
01220201
01220201
20201201
10220210
20201201
00222221
20201201
00222221
00222221
20201201
00222221
12201110
12201110
12201110
12201110
12201110
11122202
12201110
12201110
12201110
20201201
12201110
