22102000
22102000
20120210
12011122
01100020
20222121
20222121
00001020
22001211
01000020
22222121
21000020
11122202
11122202
22001211
00212002
00212002
01200020
00212002
01200020
01200020
00212102
00212102
00212102
00212110
00212112
11000020
00212112
01202212
11122202
11122202
01000020
01000020
01000020
01000020
01000220
11122202
11000020
11000020
20111120
01000020
01000020
01000020
10022100
01000020
11122202
11000020
11122202
11000020
01000020
01000020
01000020
11122202
11122202
11122202
12201110
11122202
12201110
11122202
