00110110
00110110
00010220
21022201
20002220
21022201
20002220
21022201
20002220
21022201
21022201
21022201
21022201
20002220
21022201
20002220
21022201
20002220
20002220
20002220
20002220
20002220
20002220
20002220
20002220
20002220
20002220
20002220
20002220
20002220
20002220
20002220
20002220
20002220
20002220
20002220
20002220
20002220
20002220
20002220
20002220
02212110
20002220
20002220
20002220
20002220
20002220
21000010
12211000
20002220
20002220
20002220
20002220
20002220
20002220
20002220
22012211
22012211
22012211
