22222222
22222222
22212222
22221122
22222122
22021122
22221122
22221221
12222222
12221222
10202222
12002222
00202222
12202122
00002222
11002122
00002222
00122222
22012102
22220102
21201022
21201022
20201012
22122221
02222220
02011222
22222220
22222120
22222220
22020220
22222210
22222212
11212020
22222210
11210020
21220212
21222220
21220112
21220211
21220212
21000212
21210202
21220212
21221220
22200212
21121220
22200112
21020111
21020110
20020110
20000211
20000221
20000021
20000221
21100121
20000221
20000221
22120120
12120121
20000222
20210120
21101102
20210120
21101102
22222220
22220220
01112210
