01222000
01222000
02222120
02122102
10022101
02122102
10022101
10012101
10022101
10022101
10022101
10022101
10022101
10022101
10022101
10022101
10022101
10022101
10022101
10022101
10022101
00212002
10022101
00212002
00212002
00212002
00212002
00212002
10022101
10022101
10022101
10022100
11122202
22012211
00212002
01000020
00212112
00212002
00212112
00212112
00212112
00212112
00212112
00212112
00212112
00212112
00212112
00212112
00212112
22012211
01000020
01000020
00212112
01000020
01000020
01000020
01000020
11122202
01000020
