22222222
22222222
22222222
22222222
12222222
22221222
02222222
22220002
22221222
02220222
02220222
02220222
02220220
02221222
02220121
02221202
02221202
00221222
12021222
02021221
02021222
21202102
22202112
21200102
22102102
00221222
22222020
02202021
22020221
00222221
20221220
22222220
22010021
02000120
02010221
22010221
22020220
02020011
21020201
22220222
02110022
11020121
21010001
21010101
11121202
11220202
11221002
22020220
21121102
22200112
22121120
22221120
21200212
00201102
00201102
00200112
01201102
00200112
01200112
00110102
21110201
00111102
01110102
01110102
00101102
20021201
00111122
