21002210
21002210
00202121
00202121
00202121
00202121
00202121
01000020
01000020
01000020
01000020
01000020
01000020
00212002
01000020
01000020
01000020
01000020
01000020
01000020
01000020
01100020
00212112
00212102
00212112
00212110
00212110
11000020
11000020
11122202
11122202
01000020
11000020
01000020
11122202
11000020
11122202
11122202
11000020
01000020
22111020
20111120
01000020
01020020
11122202
11122202
11122202
11122202
11122202
01000020
01000020
11122202
01000020
11122202
10020100
11122202
11122202
11122202
11122202
