11111210
11111210
12000102
10211201
01211012
01211012
10211201
01211012
12212000
10211201
10201122
10211201
10201222
10211201
10201222
20111020
10201222
10201222
20111020
10201222
20111020
20111020
20111020
20111020
20111020
20111020
20111020
20121020
20111020
20111020
20111020
20111120
20111020
20111020
20111120
20111120
22111020
22012211
01000020
01020020
01000020
11000020
11000020
11000020
11000020
01020021
11122202
01020021
01020021
11000020
01020021
01000020
01000020
11122202
01000020
01000020
01000020
01000020
11122200
