11222012
11222012
00001020
00111120
10222011
00001020
01202212
01202212
01100020
22001211
00212002
00212002
00212002
01000020
01000020
01000020
01000020
00212002
00212002
00212002
01000020
01000020
01000020
11000020
11000020
01000020
01020020
01020020
01020020
11000020
11000020
01020020
01020020
01020020
11000020
01000020
01000020
01000020
20111120
11000020
01000020
01000020
01000020
11122202
01000020
11122202
11122202
11122202
11122202
01000020
01000020
01000020
01000020
01000020
01000020
01000020
01000020
01000020
01000020
