11211112
11211112
12022112
20221021
20221021
12212000
00000121
01011020
20210021
20210021
00221001
00221001
01212022
12212000
00221001
02220002
01212002
00221001
02220002
02220002
02220002
02220002
02220002
12212000
12110102
02220002
12110102
12110102
11110102
12212000
12212000
12110102
12212000
12110102
22012211
22012211
22012211
12222000
11110102
22012211
22012211
12110102
12202000
12212000
12212000
12212000
12222000
12212000
12212000
12212000
12212000
12212000
12212000
12212000
12212000
12212000
12212200
12212000
12212000
