10000110
10000110
12201110
12201110
21002012
21002012
12210221
21002010
12202101
20222011
12202101
22102012
21002010
10220210
10220210
10220210
10220210
10220210
10220210
02012101
12110102
12110102
12110102
12110102
20201201
02012101
02012001
02012001
01202212
20201201
20201201
10220210
12200110
20201221
12201110
20201201
20201201
12201110
11122202
11122202
20201201
11122202
11122202
11122202
12201110
12201110
12201110
11122202
11122202
11122202
11122202
11122202
11222202
11122202
11122202
11122202
11122202
11122202
11122202
