00222121
00222121
02100212
02210201
22001112
22001112
20122221
22001112
22001112
22001112
22012211
22012211
22012211
01101210
21101010
01101210
20111020
20111020
20121020
20111020
20111020
20111020
20111020
20111020
20111020
20111020
20121020
20111020
20111020
20121020
12012211
21101010
22012211
22012211
22012211
22012211
22012211
22012211
20111020
20211020
20111020
20111020
20111020
20111020
20111020
20111020
21101010
12202000
21101010
12202000
00212112
21101110
21101110
21111110
10201222
10201222
00212112
21001010
12202000
