10011122
10011122
20212210
20121020
20121020
20221212
20221212
20221212
01101210
22001112
20121020
20121020
22012211
22012211
10201222
22012211
22012211
21101010
21101010
22012211
10201222
10201222
10201222
21101010
02212110
02212120
10201222
20111020
21001010
02212110
02212110
10201222
02212110
02212110
21001010
02212110
20111020
10201222
02212110
22012211
02212110
02212110
02212110
02212110
02212110
02212110
02212110
12212110
02212110
02212110
02212110
21001010
21001010
21001010
21001010
21001010
21001010
21001010
11101010
