20201101
20201101
20222121
00202012
00202012
00001020
22001211
22001211
22001211
22001211
22222121
11102111
20222121
20222121
22001211
00212002
01200020
20222121
21222121
21222121
21222121
11122202
11122202
11122202
01000020
01000020
11122202
01000020
01000020
01000020
01000020
11000020
01000020
11000020
01000020
01000020
21122202
11000020
01000020
11000020
11000020
11000020
01000020
11000020
01220201
11122202
01000020
01000020
01000020
01000020
01000020
01000020
01000020
12201110
11122202
11122202
12201110
12201110
01000020
