11211102
11211102
20110000
20110000
10112122
20110000
20110000
20110000
20110000
20110000
20110000
20110000
20110200
20110200
20110200
20110200
20110200
22012211
22012211
20110000
20110200
20110200
20110200
20111020
20111020
10201222
21101010
10201222
21101010
10201222
10201222
22012211
22012211
20111020
22012211
22012211
22111020
22012211
22012211
22012211
00212112
00212112
20212112
00212112
00212112
00212112
22012221
00212112
00212112
00212112
00212112
11101010
00212112
11101010
11101010
11101010
12202000
11101010
11101010
