21022210
21022210
11000211
02220101
21100211
02220101
02220101
01202212
01202212
02220101
20222112
11122202
22021000
11122202
11122202
11122202
11122202
11122202
11122202
01000020
01000020
01000020
01000020
12201110
01000020
01000020
01202212
01202212
01202212
11122202
11122202
11122202
01000020
01000020
01000020
01000220
01000220
11122202
11000020
11122202
01000020
11000020
11000020
01220201
11122202
11122202
11122202
11122202
12201110
01020021
11000020
01000020
11122202
11122202
01000020
01000020
10020100
10020100
01000020
