01220122
01220122
02010110
00202012
01100020
01100020
01100020
01000020
22001211
20222121
20222121
20111201
00212002
00212002
01000010
11122202
21102211
21100211
01200020
00212002
21222121
21222121
01000020
20110000
11122202
11000022
11000020
00212110
11122202
01000020
01000020
11122202
11122202
11122202
11122202
11000020
11000020
11122202
01000020
11000020
01000020
01000020
01000020
01000020
10022100
01000020
11122202
01000020
10022100
01000020
10020100
10020100
11122202
10020100
10020100
11122202
01000020
11122202
11122202
