11022012
11022012
00120221
22001112
22001112
10212002
00212002
10012020
22001112
22001112
00022012
20122221
22012211
22001112
22012211
01101210
21101010
01101210
22012211
12012211
22012211
22012211
22012211
22012211
11102111
20111020
20111020
20111020
21101010
22012211
02212110
22012211
20111020
02212110
22012211
22012211
22012211
20111020
02212110
20111020
12202000
22012211
22012211
20111020
20111020
21101010
21101010
20111020
20111020
22012211
10201222
21101010
21101110
21001010
21101110
10201222
11101010
12202000
11101010
