21021022
21021022
11102211
21202122
21202122
21002212
20222121
22001211
20222121
22222121
22222121
01202212
22001211
11122202
01000020
00212002
01200020
20222121
21222121
21222121
21222121
01000020
21222121
21222121
01000020
11000020
11000020
01000020
11122202
01000020
11122202
11122202
01000020
01000020
01000020
01000020
11000020
11000020
11122202
01000020
01000020
01000020
01000020
01000020
01220201
11122202
11122202
11122202
11122202
11122202
11122202
11122202
11122202
11122202
11122202
12201110
12201110
12201110
12201110
