20220200
20220200
22212101
01220201
01220201
10220210
11101201
22212101
00111120
10220200
10220200
10220202
10220210
10220210
10220210
10220210
12201110
12201110
12201110
12201110
01202212
12201110
12201110
10220210
12201110
12201110
01202212
12200110
00222221
00222221
00222221
20201201
00222221
00222221
00222211
00222211
00222221
00222221
12212200
12212000
12212000
00222221
12222000
12110102
12202000
12110102
12211000
12110102
12110102
12110102
12110102
12110102
12212000
12212000
12212000
12212000
12212000
12212000
12212000
