22011102
22011102
01101210
20012112
22012211
22001112
22001112
21101010
22012211
10201222
21101010
21101010
10201222
11012022
22012211
21101010
22012211
10201222
10201222
10201222
10201222
10201222
21101010
21101010
10201222
10201222
22012211
02212110
02212110
22012211
21101010
21101010
22012211
22012211
22010211
22012211
22012211
22012211
22012211
22012211
22012211
20111020
20111020
22012211
20111020
20111020
20111020
22012211
00212112
00212112
00212112
11101010
12202000
00212112
12202000
12202000
10201222
00212112
00212112
