22010100
22010100
02100111
20001111
02100111
20001111
21020222
02100111
21020222
02100111
21020222
11102111
00212002
11102111
01000020
11102111
00212002
00212002
00212002
01102111
11102111
11102111
11102111
20110200
11000020
01000020
11102111
01000020
11122202
11122202
11000020
01000020
01020020
01000020
01020020
11122202
01000020
11122202
11122202
00212112
01000020
01000020
01000020
11122202
11122202
11122202
01000020
11122202
11122202
11122202
11122202
01000020
11122202
01000020
11122202
01000020
12201110
10020100
11122202
