01110222
01110222
01122111
20111011
22001112
22001112
20122221
10012020
20122221
20122221
22012211
22012211
22012211
21101010
21101010
21101010
22012211
22012211
21101010
20111020
20111020
20111020
20111020
20111020
20111020
21101010
10201222
21101010
10201222
21101010
21101010
10201122
21101010
10201222
21101010
22010211
10201222
10201222
10201222
10201222
12211000
12211000
12211000
12211000
12211000
12211000
12211000
12211000
12211000
20002220
12211000
12212000
22012211
22012211
21101010
10201222
10201222
10001222
10201222
