22222222
22222222
22222220
22022022
12222222
22220122
12212222
12012221
22120202
12012021
12022021
12012001
20002022
12222111
22022022
02001022
02001022
22202122
12102111
10102111
12102111
12202121
02102111
12202221
12002121
12002121
12002101
22002101
22002101
22202101
02202121
01020011
01020011
01022011
02212111
00200111
02000111
02202011
22020211
02201020
22100211
22100211
21100211
22100211
22110201
22100111
21100211
22121120
22100212
21121112
21100012
20020221
20000021
20000121
00000021
20000111
22122121
22120120
22012121
02121120
02012221
02121120
02102120
22220220
22220220
22020220
20222121
