20122120
20122120
20010222
01011001
21010022
01011001
20110000
01011001
01011001
01011001
01011001
20110000
20110000
20110200
20110200
20110200
20110200
20110000
11102111
11102111
20110000
11102111
20110000
11000020
20110000
11000020
21000020
01000020
01000020
01000020
01000020
01000020
01000020
01000020
01000020
01000020
11000020
11000020
11000020
12000020
01000020
11000020
11000020
11000020
00212112
20111120
11122202
11122202
01000020
01000020
10020100
10020100
10020100
10020100
12201110
10020100
10020100
10020100
22201201
