21121012
21121012
00102112
21022000
00102112
01011001
21010022
01011001
01011001
01011001
01011001
21010022
01000020
01000020
01000020
01011001
22012211
22001112
22012211
22012211
22012212
22012211
22012211
22012211
20111020
22012211
11102111
11102111
22012211
22012211
22012211
22012211
22012211
02212110
02212110
22012211
20111020
20111010
20111010
12202000
12202000
22012211
20111020
12202000
22012211
22012211
21101010
21101010
12202000
20111020
00212112
21101110
12202000
21101010
21101110
11101010
00212112
00212112
01000020
