10201102
10201102
01012100
10221200
11102111
11102111
11102111
02201101
01000020
00212002
01000020
00212002
00212002
00212002
01000020
00212102
11102111
11102011
00212102
00212102
11102111
00212102
00212102
10022101
11100111
01000020
00212112
10022101
10022101
10022100
10022101
10022101
11122202
11122202
00212112
00212112
00212112
00212112
10022100
11122202
11122202
01000020
01000020
01000020
10022100
01000020
01000020
10022100
10022100
10020100
10020100
10020100
10020100
10020100
10000100
10020100
11122202
11122202
10020100
