00022221
00022221
20100102
21202122
21202122
01100020
00112101
20222121
01000020
01000020
01000020
01000020
01000020
01000020
01000020
01200020
01200020
01200020
21222121
21222121
21222121
11122202
01000020
21222121
11000020
11000020
11000020
11122202
11000020
01000020
11122202
11122202
11000020
11000020
01000020
11000020
01000020
01000020
21122202
01000020
01000020
01000020
01000020
01000020
01000020
01000020
01000020
01000020
01000020
01000020
01000020
01000020
01000020
10022100
21000020
22012211
22012211
22012211
22012211
