22001022
22001022
20100102
00000112
20222121
11122202
21012220
11122202
20222121
22222121
22001211
01202212
22001211
20222121
00212002
00212002
11102111
01000020
11122202
01000020
11122202
21222121
21222121
01000020
11000020
11000020
01020022
11122202
11122202
11122202
11122202
11122202
11122201
11000020
11122202
11122202
11122202
11122202
11122202
11122202
11122202
12201110
12201110
12201110
12201110
12201110
11122202
11122202
11122202
12201110
12201110
22201201
11122202
11122202
11122202
22201201
22201201
22201201
22201201
