22000221
22000221
22212202
20111011
10201222
20111011
10201222
10201222
10201222
10201222
10201222
10211201
10201222
10201122
10201222
20111020
10201222
10201222
20111020
20122221
20122221
20111020
20111020
22012211
22012211
22012211
10022101
22012211
10022101
22012211
10022101
22012211
22012211
22012211
22012211
22012211
10022100
10022100
10022101
10022101
12022101
12022101
12022101
12022101
12022101
12022101
12022101
10022100
10022100
10022100
10022100
10022100
10022100
10022100
10022100
10022100
10022100
10022100
10022100
