02002222
02002222
11211110
10011100
00110221
01000020
01000020
11102111
11102111
01000020
01000020
01000020
10022101
00212002
00212002
00212102
11102111
00212102
00212102
00212102
00212102
00212102
00212112
10022101
00212110
00212112
00212112
00212112
00212112
10022101
11000020
11122202
11122202
11122202
11122202
10022101
11122202
11122202
10022100
11122202
11122202
11122202
10022100
01000020
01000020
10022100
01000020
10022100
10022100
10020100
10020100
10020100
10020100
01000020
10020100
10000100
10020100
10020100
10020100
