10022011
10022011
01220122
10120111
21111221
10120111
10120111
10120111
10120111
11122202
01000020
11122202
11122202
11122202
11122202
11122202
01000020
11122202
10022101
01000020
11122202
11122202
11122202
12201110
00212102
11122202
12201110
12201110
00212112
10022101
11122202
11201110
11122202
11000020
11000020
11100020
11000020
11122202
11000020
11120202
11122202
11000020
11000020
11122202
11122202
11122202
01020021
11122202
01020021
01000020
11122202
11122202
01000020
11122202
10020100
10020100
11122202
11122202
01000020
