02220222
02220222
00211102
12212010
22112011
11022000
11021000
11022000
11022000
10222011
10222011
10222011
02012101
02012101
20201201
02012101
11022000
20201201
01100211
20221201
01202212
01202212
01202212
01202212
11122202
01202212
01202212
01202212
01202212
11122202
11122202
11122202
11122202
10220210
10220210
10220210
10220210
11122202
10220210
11122202
11122202
01220201
10220210
11122202
11122202
00222221
11122202
20201201
20201201
20201201
20201201
11122202
11122202
11122202
11122202
20201201
20201201
20201201
12201110
