11000220
11000220
21000001
02220101
21100211
02220101
21100211
01202212
21100211
01202212
01202212
21202212
21100211
21100211
21110211
20201201
11122202
21110211
11122202
11122202
11122202
11122202
11122202
20201201
20021201
02012001
02012001
01220201
01220201
01202212
01202212
01220201
01220201
01220201
01220201
01220201
01220201
01220201
01220201
11122202
11122202
20201201
11122202
20201201
01220201
11122202
11122202
11122202
11122202
20201201
11122202
11122202
11122202
11122202
11122202
11122202
11122202
12201110
11122202
