12201112
12201112
02220002
02220002
02220002
02220002
22220002
10100102
12110102
12110102
12110102
02220002
02220002
12110102
12110102
02220002
02220002
12110102
12110102
12110102
02020002
02220002
12110102
12110102
12212000
02220002
12212000
12212002
12212000
12212000
12212000
12212000
12211000
22012211
12211000
12211000
12211000
21101010
21101010
21101010
21101010
21101010
21101010
21101010
21101010
21101010
12212000
12212000
12212000
12212000
12212000
12212000
12212000
12212000
12212000
12212000
12212000
12012000
12212000
