11102200
11102200
11001122
01120022
21120120
01120022
20222112
20222112
20222112
20222112
20222112
20222112
12201110
12201110
12201110
12201110
10022101
12201110
12201110
10022101
12201110
10022101
10222101
10022101
10022101
10022101
12201110
12201110
12201110
12201110
11201110
12201110
10022100
12201110
12201110
12201110
12201110
12201110
12201110
10022100
12201110
12201110
12201110
12201110
12201110
12201110
12201110
11122202
11122202
11122202
11122202
11122202
11122201
11122202
10022100
11122202
11122202
11122202
11122202
