10011002
10011002
22012022
21111001
10112122
20110000
20110000
01011001
01011001
01011001
01011001
20110000
20110000
20110200
20110200
20110200
20110200
20110200
11102111
11102111
11102111
20110000
11102111
11102111
11102111
11000020
01020020
11000020
11122202
11000020
11122202
00212002
01020020
01020020
01020020
01020020
01000020
01000020
01020020
11122202
02000020
01000020
20111120
11122202
01020020
01020020
11122202
11122202
11122202
11122202
11122202
11122202
11112202
01000020
01000020
01000020
01000020
01000020
01000020
