10120110
10120110
11000002
02122102
10022101
10022101
02122102
10022101
11122202
10022101
10022101
10022101
10022101
10022101
10022101
10022101
10022101
10022101
10022101
10022101
10022101
10022101
10022101
10022101
10022101
10022101
10022101
10022100
10022100
10022100
10022100
10022100
10022100
10022100
10022100
10022100
12022100
10022100
10022200
10022100
10022100
10022100
10022100
10022100
10022100
10022100
10022100
10022100
10022100
10022100
10222100
12211110
10222100
10222100
10022100
10022100
10022100
10022100
10022100
