20212212
20212212
10100002
02220002
02220002
02220002
02220002
21002012
02220002
02220002
02220002
02220002
12110102
01011020
02220002
02220002
02220002
00220002
02220002
12110102
02220002
12110102
12110102
12110102
12110102
12212000
12110102
12110102
12212000
12110102
12212000
12212000
12212000
12212000
12212000
12212000
12212000
12212000
12212000
12212000
12212000
12212000
00222221
12110102
12212000
00222221
12212000
12212000
12212000
12212000
12212000
12212000
12212000
12212000
12212000
12212000
12212000
12212000
12212000
