00210122
00210122
11120211
00102112
01011001
21111001
01011001
11022010
20110000
01011001
22012211
22012211
22001111
22001112
20111020
22012211
22012211
10201222
10201222
21101010
21101010
21101010
10201222
02212110
22012211
10201222
10201222
10201222
20111020
21101010
22012211
20111020
20111020
22012211
22111020
22012211
22111022
22111020
22111020
02212110
22010221
12202000
22012211
22012211
22012011
10201222
10201222
10201222
10201222
10201222
12002000
21001010
10201222
21001010
21001010
21001010
21001010
21001010
21001010
