12120010
12120010
10021122
02201000
21101010
10012020
21101010
20121020
21101010
21101010
21101010
10201222
10201222
10201222
10201222
22012211
22012211
22012211
22012211
10201222
02202110
10201222
10201222
10201222
21101010
21101010
21101010
21101010
21101010
21101010
21001010
21001010
21101010
02212110
21001010
02212110
10201222
10201222
21001010
02212110
02212110
02212110
02212110
02212110
02212110
02212110
02212110
02212110
02212110
02212110
21001010
21001010
21001010
21001010
21001010
21001010
21001010
21001010
21001010
