10212000
10212000
00222221
00222221
00222221
01120022
00222221
00222221
00222221
12201110
12201110
12201110
12201110
12201110
12201110
00222221
00222221
12201110
12201110
12201110
00222221
00222221
12201110
12201110
00222221
12201110
12201110
12201110
12201110
12201110
12201110
12201110
12201110
12201110
12201110
12201110
12201110
12201110
12201110
12201110
12201110
12201110
12201110
12201110
12201110
12201110
11122202
11122202
11122202
11122202
11122202
11122201
11122201
11122202
11222202
11122202
11122201
11122202
11122202
