22222222
22222222
22222222
20222022
22222222
22220222
22222221
22120211
22222220
22202122
12221221
12000222
10202222
12221122
12202122
12220212
22122021
12220012
20122021
12220022
20000022
00000022
22012021
22222200
22222000
21220000
02102211
00102201
12001102
22000012
21021010
22001201
21021110
01020010
02202111
02202111
22202201
12202112
02202211
02200211
02201220
12201220
02201222
12201220
22100211
22100201
22100211
22100201
22121122
11120211
11100221
21120201
11120211
21220201
11100221
21121201
21102201
01120221
01102201
02120221
00102001
02020221
21122221
21021021
12110221
21021222
11110221
