12202212
12202212
21111001
00102112
01011001
21111001
01011001
20110000
01011001
01011001
01011001
22001112
01011001
22001112
20110000
20110000
22012211
22012211
22012211
21101010
22012211
22012211
22012211
20111020
20111020
22012211
20111020
20111020
22012211
22012211
22012211
20111020
22012211
20111020
10221222
21101010
21101010
10201222
21101010
21101010
21101010
21101010
10201222
21001010
10201222
21101010
10200222
21001010
21001010
21001010
21001010
21001010
21001010
11101010
21001010
21001010
21001010
21001010
21001010
