12022121
12022121
11200121
11122202
21111221
11122202
11122202
11122202
11122202
11122202
11122202
11122202
21100211
21100211
21100211
21100211
11102111
00202002
01000020
11000020
11100020
01000020
01000020
11102011
01000020
01000020
11122202
11122202
01000020
11122202
01000020
00212002
01000020
00212002
00212002
11122202
00212112
00212112
00212112
00212112
00212112
00212112
00212112
00212112
01000020
00212112
00212112
01000020
01000020
01000020
01000020
01000020
01000020
01000022
01000020
11122202
12201110
12201110
11122202
