10122201
10122201
11102111
10221200
10221200
11102111
11102111
11102111
02201101
01000020
00212002
01000020
00212002
01000020
01000020
21100211
01000020
00212002
01000020
11000020
01000020
11000020
11000020
01000020
00212002
00212002
20111020
20111020
20111020
11000020
11122202
11122202
11122202
11122202
01000020
01020020
11122202
01000020
01000020
01000020
01000020
11122202
01000020
01000020
01000020
01000020
01000020
01000020
00212112
01000020
01000020
01000020
01000020
01000020
01000020
01000020
01000020
01000020
22012211
