22200202
22200202
02201101
12010221
01000020
00202121
01000020
01000020
01000020
01000020
01000020
01000020
01000020
01000020
00212000
00212002
01000020
01000020
00212002
01000020
20110000
01000020
01000020
01000020
01020020
01000020
11102111
01020020
11122202
01000020
11122202
11122202
00212002
00212002
00212002
01000020
00212002
22111020
22111020
11122202
11000020
11122202
11122202
11122202
00212112
01020020
01000020
11122202
01000020
11122202
01000020
01000020
11122202
11122202
10020100
10020100
10020100
10020100
10020100
