00121021
00121021
02220002
02220002
02220002
00221001
12110102
02220002
12110102
21002012
11012022
02110102
12212000
21002012
11012022
11012022
11012022
12110102
02220002
02220002
12110102
10220210
02220002
02220002
02220002
10220210
10220210
12212000
02220002
02220002
12212000
12212000
12222000
12212000
12212000
12212000
12212000
12212000
12212000
12212000
12212000
00222221
12212000
12212000
12212000
12212000
12212000
12212000
12212000
12212000
12110102
12212000
22212000
12212000
12212000
12212000
12212000
12212000
12112000
