20211102
20211102
11012022
11012022
11012022
11012022
11012022
11012022
12212000
11012022
12212000
11012022
12212000
12212000
21022201
22001112
21022201
21022201
02212110
02212110
02212110
02212110
02212110
02212120
02212110
02212110
02212110
02212110
22012211
02212110
02212110
21101010
10201222
10201222
02212110
22012211
02212110
22012211
20111020
20111020
20111020
20111020
22012211
22012211
22012211
12202000
21101010
21101010
21101010
21101110
21101010
12202000
12202000
21001010
21101110
10201222
21001010
10201222
11101010
