02012222
02012222
12101110
10222111
20222121
20222121
01100020
20222121
22001211
01000020
01000020
22001221
01000020
11122202
01000020
01200020
01200020
01200020
01200020
01000020
21222121
11122202
11122202
20110000
01000020
21000020
01000020
21000020
21000020
01000020
01000020
11000020
01000020
01000020
01000020
11122202
01000020
01000020
00212112
00212112
01000020
00212112
01000020
11122202
01000020
11122202
11122202
01000020
01000020
11122202
11122202
11122202
10020100
11122202
10020100
01000020
10020100
22201201
22201201
