20221000
20221000
20001111
01222102
02100111
02100111
11122212
11122202
11122202
10022101
10022101
10022101
10022101
10022101
10022101
10022101
10022101
10022101
10022101
10022101
10022101
10022101
10022101
10022101
10022101
10022101
10022101
10022100
10022100
10022100
10022100
10022100
10022100
10022100
10022100
10022101
10022100
10022100
10022100
10022100
10022100
10022100
10022100
10022100
10022100
10022100
10022100
10022100
10022100
10022100
10022100
10022100
10022100
10022100
10022100
10022100
10022100
10022100
10022100
