01201022
01201022
01120022
01110022
01120022
12201110
12201110
12201110
12201110
12201110
12201110
12201110
12201110
12201110
12201110
12210221
12201110
12201110
12201110
12201110
12201110
12201110
12201110
12201110
12201110
12201110
12200110
12201110
12201110
12201110
12201110
12201110
12201110
12201110
12201110
12201110
12201110
12201110
12201110
12201110
12201110
12201110
12201110
12201110
12201110
12212000
11122202
11122202
11122202
11122202
11122202
11122202
11222202
11122202
11122202
11122202
11122202
11122202
11122202
