00200120
00200120
01202002
10020011
20122221
20122221
22001112
20122221
22012211
22012211
22012211
22012211
22012211
22012211
01000020
20122221
01000020
22012211
21101010
02211110
10201222
20111020
20111020
22012211
10201222
10201222
21101010
10201222
10201222
10201222
21101010
22012211
22012211
22012211
22012211
22012211
22012211
10211222
22012211
22012211
22012211
22012211
22012211
22012211
22012211
22012211
00212112
00212112
01000020
01000020
01000020
01000020
01000020
01000020
01000020
01000020
01000020
01000020
22012211
