22222222
22222222
22222222
22220022
22222221
21022022
20022022
20022022
00022022
21202022
20122021
21202222
11202222
21202222
11201221
20201022
22222020
02001002
22122021
22222021
02221221
02001222
01002212
02122212
02221212
01221212
00011222
11221212
02222221
02222021
22222221
02222001
02000200
01010121
02010122
22222220
22122220
22222210
11201212
02111011
12202212
22221220
22202212
21221202
21222220
11221002
21222220
11021202
11220202
11021202
11221202
11221222
11221222
02200201
01220210
00201112
00200112
01200112
00200111
01200112
01111102
00111102
00111102
00220122
00111101
00000100
22202220
