22202012
22202012
00022012
11012022
20221212
10100111
20221212
00022012
01101210
11012022
11012022
11012022
11012022
11012022
01212002
12212000
11012022
02220002
02220002
02220002
02220002
02220002
02220002
12212000
02220002
02220002
02220002
12110102
12110102
02220002
12110102
12212000
02220002
12212000
12212000
12212000
12212000
00222221
12212000
12212000
12212000
12212000
12212000
11212000
12212000
12201110
12212000
12201112
12212000
12201112
11122202
11122202
12212000
12212000
12212000
12212000
12212000
12212000
10122202
