12010122
12010122
12212000
12212000
21121100
20221102
22101111
22101111
10022020
10022020
22101111
10022020
11212202
11102021
20002220
11212202
12212000
11122021
11212202
11102021
12212000
12012000
11102021
11102021
11102021
11102021
20012220
20002220
20002220
11102021
21101010
11110102
21101010
21101010
21101010
21101010
21101010
02212110
22012211
20111020
20111020
20111020
20111020
02212110
02212110
20111020
20111020
20111020
20111020
20111020
22012211
22012211
20111020
10201222
12002000
01000020
01000020
01000020
01000020
