20100221
20100221
20001010
02011122
20111201
20111201
20222121
00112101
22001211
22001211
01000020
22001211
01000220
11122202
22001211
01200020
01200020
01200020
21222121
01200020
01200020
11122202
11122202
11122202
11122202
11000020
01020022
11122202
01020022
11122202
11122202
01000020
11122202
11000020
11122202
11122202
11000020
11120202
11122202
11122202
10122202
11000020
11000020
11000020
11000020
11000020
01000020
01000020
01000020
01000020
01000020
01000020
01000020
01000020
01000020
01000020
01000020
01000020
01000020
