22222222
22222222
22222222
22222222
22220222
22222221
22120202
12221221
12221202
22122122
22221121
02222222
02221222
02201222
00221222
01221221
02222220
02222221
02222220
02202220
22022021
22021221
10122102
00001212
00002122
01102122
02220101
00202122
02220100
02221100
22200220
00020011
01020211
11120011
21220011
02221120
21220011
02220120
11120011
02220120
11100011
21020101
21020101
21020101
21002101
21220010
21002201
20010202
21002201
21120221
01000001
11220210
12122111
20020222
22121120
20120221
21100200
22111001
02121001
02121001
10120210
10020210
11112210
10110210
01120201
21021221
11110220
