22010100
22010100
20112202
20210122
20010012
11022000
11101201
00111120
00111120
00111120
00111120
00111120
11022000
02012101
11022000
02012101
20201201
20201201
12210221
12210221
20221201
01202212
01202212
20201201
20201201
01202212
20201201
20201201
20201201
20201201
20201201
20201201
20201201
20201221
20201221
12201110
12201110
12201110
12201110
12201110
12201110
20201201
12201110
12201110
12201110
11122202
12201110
11122202
11122202
11122202
11122202
11122202
11122202
11122202
11122202
11122202
11122202
11122202
11122202
