22200222
22200222
12102012
20021110
01120022
01120022
00222221
12201110
12201110
12201110
12201110
12201110
12201110
12201110
12210221
00222221
00222221
00222221
00222221
00222221
00222221
12201110
00222221
00222221
12201110
12201110
12201110
12201110
12201110
12201110
12201110
12201110
12201110
12201110
12201110
12201110
12201110
12201110
12201110
12201110
12201110
12201110
12201110
12201110
12212000
11212000
02201110
12201110
11212000
11212000
11212000
12212000
12212000
11122202
12212000
11122202
10122202
11122202
11122202
