01001000
01001000
21022002
10020011
20122221
10020011
10020011
22001112
10020011
22012211
22001112
22012211
22001112
22012211
20122221
22012211
20110000
21101010
22012211
22012211
22012211
22012211
20111020
22012211
20111020
22012211
21101010
21101010
21101010
21101010
22012211
22012211
20111020
22012211
22111020
22111020
22111020
22111020
22111020
22010221
20111010
22012211
22012211
22012211
20111020
22012211
12002000
10201222
22012211
10201222
02202000
21001010
10201222
21001010
21001010
21001010
21001010
21001010
11101010
