11100121
11100121
01011001
01120000
01011001
12022101
01011001
02122102
01011001
01011001
01011001
02100111
21020222
20110000
10022201
11102111
20110200
00212002
00212002
00212002
00212002
00212002
01000020
01000020
00212002
00212002
20111020
00212002
20111020
11122202
11122202
11122202
20111120
20111120
20111120
20111120
20111120
20111120
22012211
22012211
20111020
20111020
20111020
20111020
12202000
20111020
20111020
21101010
20111020
02202000
21001010
21001010
10201222
10201222
10201222
10201222
00212112
21001010
22012211
