01210211
01210211
01211220
20221211
20221211
11210120
12102012
21002002
21002212
11210120
12210221
21001002
12110102
12110102
12110102
12212000
12212000
02220002
02220002
02220002
02220002
02220002
02220002
12212000
02220002
12212000
22012211
02212110
11110102
02220002
12212000
12212000
12212000
12212000
22012211
20012211
11110102
12110102
11110102
12212000
22012211
00220221
12222000
12222000
00222221
12212000
12212000
12212000
12212000
12212000
12212000
12212000
12212000
12212000
12212000
12212000
12212000
12212000
12212000
