12020111
12020111
01101120
00000121
20221021
01101111
12110102
02111012
12110102
12110102
00000121
01011020
12212000
12212000
12212000
12212000
12212000
12212000
21012022
12212000
12212000
12212000
02220002
12212000
12212000
12212000
12212000
11110102
11110102
12212000
12212000
12212000
12212000
12212000
12212000
12212000
12212000
12212000
12212000
12211000
12211000
12211000
12211000
12211000
12110102
12110102
12110102
12110102
12110102
12110102
12110102
12110102
12110102
12110102
10110102
20002220
12110102
12110102
12110102
