10101210
10101210
21020000
21000001
00112101
00001020
00112101
00112101
00111120
00111120
12202101
22102012
11022000
10220202
11022000
00111120
00111120
11022000
10220211
01202212
01202212
01202212
01202212
01202212
01202212
01202212
01202212
11122202
11122202
11122202
11122202
11122202
11122202
11122202
11122202
11122202
11122202
11122202
11122200
10220210
11122202
10220210
11122202
11122202
11122202
11122202
12201110
12201110
11122202
11122202
12201110
12201110
12201110
12201110
12201110
20201201
20201201
12201110
12201110
