00201002
00201002
20110121
21121100
10010222
10010222
10010222
22101111
10022020
10010222
00222221
10022020
10010222
10010222
11102021
10010222
11102021
10010222
11102021
11102021
11102021
11102021
00222221
11102021
11102021
11102021
11102021
12212000
12212000
12212000
12212000
11110102
12211000
12211000
12211000
12211000
12211000
12211000
12211000
12212000
12211000
12211000
12211000
12211000
12211000
12211000
12211000
12110102
12110102
12211000
12110102
10110102
20002220
12110102
20002220
12110102
12110102
12110102
12110102
