01120101
01120101
02111221
11212210
21002012
21002012
21002002
12210221
12210221
21002012
12210221
12210221
12210221
12210221
12210221
12210221
10220210
10220210
20221201
21100211
02012101
01202212
20201201
01202212
01202212
01202212
11122202
11122202
11122202
11122202
11122202
11122202
11122202
11122202
11122202
11122202
11122202
11122202
11122202
12201110
20201201
11122202
11122202
11122202
11122202
00222221
11122202
11122202
11122202
22201201
22201201
11122202
22201201
11122202
11122202
11022202
22201201
22201201
22201201
