11201011
11201011
11002122
11002122
11020202
01101111
21002012
12110102
21002012
00221001
00221001
00221001
12212000
00020222
12110102
11012022
01212002
11012022
02220002
02220002
02220002
02220002
02220002
12212000
12212000
12212000
12110102
11110102
11110102
12212000
11110102
11110102
11110102
11110102
11110102
11110102
11110102
11110102
11110102
12211000
12211000
10222000
12211000
12212000
02110102
12202000
12202000
12202000
12212000
12212000
12110102
12110102
12212000
12212000
12212000
12212000
12212000
12212000
12212000
