01022002
01022002
12022101
20110000
12022101
20110000
20110000
20110000
20110000
20110000
20110000
01011001
11102021
20110000
20110200
20110200
20111020
10201222
20111020
20111020
20111020
20111020
20111020
20111020
20111020
20111020
20111020
20111020
20111020
20111020
11122202
20111120
20111120
20111120
22012211
02212110
22012211
12202000
20111010
20111020
21001010
20111020
20111020
20111020
20111020
20111020
20111020
20111020
20111020
21001010
21101010
21101110
21101110
21101110
10201222
00212112
10201222
12202000
12202000
