10201210
10201210
21001022
01120012
21022002
00212002
22220222
20121020
02212110
00212002
02212110
02212110
02212110
02212110
02212110
02212110
02212110
02212110
02212110
02212110
02212110
02212110
02212110
02212110
02212120
10201222
02212110
21001010
11102111
22012211
21001010
21001010
02012110
02212110
21001010
21001010
21001010
21001010
21001010
10201222
21001010
21001010
20111020
12202000
12202000
22012211
21001010
10201222
22012211
10201222
22012211
22012211
22012211
10201222
21101010
20002220
10201222
20002220
10201222
