00002212
00002212
20001111
20111011
20111011
20111011
22001112
10201222
10201222
10201222
22001112
21022201
21022201
22001112
22001112
22001112
22001112
02212110
02212110
02212110
02212110
02212110
02212110
12212000
02212110
12212000
02202110
02212110
12212000
12202000
12212000
12202000
12202000
02212110
02212110
02212110
21001000
21001010
02212110
02212110
21001010
21101010
21001010
21001010
10201222
21101010
21101010
21001010
21101010
21001010
12202000
21101010
21101010
11101010
01212110
21101110
21101010
21001010
21001010
