12211010
12211010
12011122
02011122
00102021
00202121
00202121
01000020
01000020
00202121
21010022
01011001
01000020
01000020
01010020
01000020
20110000
00212002
01000020
01000020
01000020
11000020
01000020
11000020
01000020
01000020
01020020
11122202
11000020
01020020
01020020
11122202
11122202
01000020
01000020
01000020
01000020
11122202
11122202
00212112
01000020
00212112
00212112
00212112
01000020
01000020
01000020
00212112
00212112
01000020
01000020
01000020
01000020
01000020
01000020
01000020
01000020
01000020
01000020
