02101200
02101200
00010220
00010220
00000220
21202122
01202212
01202212
01202212
00212002
00212002
01000020
20222121
11102111
01000010
11122202
11122202
01000020
01000020
01000020
01000020
01000020
01000020
11122202
01000020
11122202
01000020
11122202
01000020
11000020
11000020
01000020
11122202
11122202
11122202
11122202
01000220
11122202
11122202
11122202
11122202
12201110
01000020
12201110
11122202
01020021
12201110
11122202
01020021
12201110
01020021
12201110
11122202
11122202
11122202
12201110
12201110
11122200
01200020
