11121102
11121102
12120220
02212102
02112210
12212000
12212000
02212110
20121020
01101210
20121020
00212002
11012022
11012022
21101010
21101010
12212000
21101010
22012211
20111020
20111020
20111020
20111020
20111020
20111020
02212110
02212110
21101010
20002220
21101010
20002220
21101010
21101010
21101010
21101010
21101010
21101010
21101010
21101010
12211000
21101010
21101010
21101010
21101010
21101010
21001010
21101010
02202000
21101010
22012211
10201222
22012211
10201222
10201222
22012211
20002220
10201222
20002220
20002220
