22102002
22102002
10102210
21200112
02012101
12012212
02012101
02012101
21010022
20201201
12201110
12201110
12201110
20201201
11122202
02012101
01202212
12022000
20221201
20221201
20201201
02012101
20201201
20221201
20201201
01202212
20201201
01202212
01202212
01202212
01202212
01202212
01202212
01220201
01220201
12201110
12201110
12201110
12201110
01220201
11122202
11000020
11000020
11000020
11122202
11122202
11122202
01000020
01000020
01000020
12111022
01000020
01000020
11122202
01000020
01000020
01000020
01000020
01000020
