10102220
10102220
20012101
10022222
21022201
20002220
21022201
20002220
21022201
20002220
21022201
21022201
11212202
21022201
11212202
21022201
11212202
21022201
21022201
11102021
21022201
11102021
20002220
20002220
20002221
11102021
11102021
20002220
20002220
21002220
11102021
11102021
21002220
21101010
21101010
20002220
20002220
20002220
12211000
12211000
12211000
12211000
12211000
12211000
12211000
12211000
02212110
12212000
12212000
12211000
12211000
20002220
22012211
10201222
20002220
10201222
10201222
10201222
10201222
