12210022
12210022
01220201
12210221
12210022
01220201
21010022
01220201
12210221
10220210
01220201
10220210
12210221
12210221
12210221
12210221
00111120
01220201
01220201
02002101
10220210
02012101
10220210
12110102
12110102
02012001
12110102
01220201
12210221
10220210
01220201
01220201
01220201
01220201
01220201
01220201
01220201
01220201
01220201
01220201
01220201
01220201
11000020
11000020
11020020
11122202
11122202
20201201
12201110
12201110
20201201
11122202
11112202
11122202
20201201
11122202
11122202
12201110
11122202
