22201202
22201202
21120120
12210022
12012212
12210022
12201110
12201110
12201110
12201110
12201110
12201110
12201110
12201110
12201112
12201110
12201110
12201110
12201110
12201110
12201110
12201110
12201110
12201110
12201110
12201110
12200110
12201110
12201110
12201110
20201201
12201110
12201110
12201110
12201110
12201110
12201110
12201110
12201110
12201110
12201110
12201110
12201110
12201110
11122202
12201110
11122202
11122202
11122202
11122202
11122202
11122202
11222202
11122202
11122202
11122201
11122202
11122202
11122202
