20020022
20020022
12212000
12212000
12212000
20221021
10022020
12212000
11012022
10022020
12212000
12212000
12212000
12212000
12212000
12212000
12212000
12212000
12212000
12212000
02212110
02212110
02212110
02212110
02212110
12212000
12212000
12212000
12212000
12202000
12212000
12202000
12202000
12202000
12202000
12110102
12110102
12212000
12222000
12222000
12222000
12110102
12222000
12212000
12212000
12212000
12212000
12212000
12212000
12212000
12212000
22212000
12212000
12212000
12212000
12212000
12012000
12212000
12212000
