00010011
00010011
20012101
21022201
20002220
21022201
20002220
21022201
20002220
21022201
20002220
11212202
21022201
20002220
21022201
20002220
21022201
22001112
20002220
21022201
20002220
11212202
20002220
22012211
20002220
12212000
02212110
12212000
11102021
12212000
11102021
21101010
12202000
11110102
21101010
12202000
12202000
11110102
11110102
02110102
02110102
12212000
12202000
12202000
02110102
12212000
12110102
12212000
12212000
12212000
12212000
12212000
12212000
12212000
12212000
12212000
12212000
12112000
12212000
