20210211
20210211
20111011
12212000
02112210
22001112
22012211
22012211
22012211
22012211
22012211
20122221
01101210
20111020
20122221
22012211
01101210
01101210
01101210
20110200
20110200
11102111
20110200
11102111
20111020
11102111
11102111
20111020
21101010
22012211
22012211
22012211
20111020
22012211
21101010
20111020
20111120
20111020
20111020
20111020
20111020
20111020
12202000
22012211
22012211
21101010
20111020
20111020
10201222
21101010
00212112
21101110
10201222
10201222
21101110
12202000
12202000
12202000
12202000
