02202112
02202112
02220002
02220002
02220002
02220002
02220002
02220002
12110102
12110102
12110112
02220002
21002012
12110102
02220002
02220002
12110102
12110102
12110102
12110102
02220002
02220002
12110102
12110102
12212000
02220002
02220002
02220002
12212000
12212000
12212000
12110102
12212000
00222221
12110102
11110102
12222000
12212000
12212000
12212000
12110102
12110102
11110102
12211000
12211000
12110102
12212000
12212000
12212000
12212000
12212000
12212000
12212000
12212000
12212000
12012000
12212000
12212000
12212000
