20201010
20201010
00010220
01202212
01202212
01202212
01202212
01202212
01202212
01202212
01202212
11122202
20222121
20222121
22001211
00212002
01200020
20222121
21222121
11102111
21222121
21222121
01000020
01000020
01000020
01000020
11000020
11000020
01020020
01000022
00212002
01000020
11122202
01000020
01000020
11122202
01000020
01000020
01020020
22111020
01000020
20111120
20111120
01000020
11122202
12122202
11122202
00212112
11122202
11122202
11122202
01000020
01000020
11122202
11122202
01000020
01000020
01000020
01000020
