12022112
12022112
10021021
22102012
22102012
22102012
22102012
00112101
00112101
00112101
00112101
01220201
01220201
01220201
02012101
00111120
02012101
20201001
01202212
20201201
01202212
01202212
01202212
01202212
01202212
11122202
11122202
11122202
11122202
11122202
11122202
11222202
11122202
11122202
11122202
11122202
11122202
00222221
11122202
10220210
10220210
10220210
20201201
01220201
11122202
11122202
11122202
11122202
20201201
20201201
20201201
20201201
22201201
11122202
11122202
11122202
11122202
11122202
11122202
