22001100
22001100
10220210
21010022
12210022
21010022
21010022
12210022
12201110
12201110
12201110
12201110
12201110
12201110
12201110
12201110
12201110
12201110
12201110
12201110
12201110
12201110
12201110
12201110
12201110
12201110
12200110
12200110
12200110
20201201
12200110
12200110
12200110
12201110
12201110
12201110
12201110
20201201
12201110
12212000
12201110
12201110
12201110
12201110
12201110
12201110
12201110
12200110
12201110
12201110
12201110
12201110
12201110
12201110
11122202
12201110
12201110
12201110
12201110
