20210200
20210200
00222221
22211212
00222221
11210120
00222221
00222221
00222221
00222221
10010222
00222221
00222221
10010222
10010222
00222221
00222221
00222221
00222221
00222221
00222221
00222221
00222221
00222221
00222221
00222221
00222221
12201110
12201110
00222221
12201110
12201110
12201110
12201110
12201110
12201110
12201110
12201110
12201110
12201110
12201110
12212000
12212000
12201110
12212000
11212000
12201110
12212000
11212000
11212000
12212200
11212000
12212000
11122202
11122222
11122202
11122202
11122202
11122202
