10200020
10200020
01222101
01101210
01101210
00022012
01101210
01101210
00022012
20121020
22012211
22012211
22012211
22012211
22012211
02212110
22012211
21101010
10201222
21101010
10201222
10201222
20111020
20111020
10201222
22012211
02212110
02212110
02212110
02212110
02212110
02212110
02212110
21101010
22012211
21001010
02212110
21001010
10201222
10201222
10201222
21101010
21001010
21001010
21001010
21101010
21001010
21101010
21001010
21001010
02212110
02212110
12202000
11101010
21001010
21001010
21001010
21101010
20002220
