20021201
20021201
12110200
20121101
00122100
02012101
02012101
11022000
11022000
20201201
20201201
00111120
20201201
02012101
02012101
20221201
20221201
20221201
10220210
20221201
10220210
01202212
20221201
02012101
20201201
12110102
02012001
01202212
01202212
01220201
10220210
10220210
10220210
12200110
20201201
20201001
20201201
12201110
12201110
12201110
12201110
12201110
12212000
12201110
12201110
12201110
12201110
12201110
12201110
12201110
20201201
11122202
12201110
11122202
20201201
20201201
11122202
20201201
11122202
