22012102
22012102
10112122
10020011
20122221
22001112
22001112
22001112
22001112
22012211
22012211
22012211
22001112
20111020
22012211
22012211
22012211
22012211
01101210
01101210
10201222
10201222
10201222
10201222
21101010
21101010
21101010
21101010
21101010
21101010
21101010
21101010
21101010
21101010
21101010
21101010
21101010
21001010
20111020
20111020
02212110
20111020
20111020
21001010
02212110
02212110
02212110
02212110
02212110
21001010
02212110
21001010
21101010
11101010
11101010
11101010
21001010
11101010
11101010
