11011221
11011221
12010000
02212110
02212110
20121020
21101010
20121020
20121020
22012211
20111020
20121020
20121020
22012211
20121020
20121020
21101010
02212110
02212110
02212110
02212110
02212110
02212110
22012211
22012211
02212110
02212110
22012211
22012211
02212110
02212110
22012211
20111020
10201222
21001010
21001010
21001010
21001010
02212110
02212110
02212110
22012211
21001010
21001010
21001010
21001010
21001010
21001010
21001010
21001010
21001010
21001010
02212110
21001010
10201222
11121010
11121010
21001010
00212112
