00002121
00002121
11110102
11110102
20201201
20201201
10222011
11101201
10222011
00111120
00111120
20201201
20201201
02012101
20201201
20221201
20221201
20221201
20221201
20221201
12210221
20221201
20201201
01202212
11122202
11122202
11122202
11122202
11122202
11122202
11122202
11122202
11122202
11122202
11122202
11122202
11122202
00222221
00222221
11122202
11122202
11122202
01220201
00222221
00222221
00222221
00222221
12201110
11122202
11122202
11122202
12212000
11122202
11122202
11122202
11122202
11022202
11122202
11122202
