00020220
00020220
22021110
12201110
01220201
11212001
12101110
00111120
00112101
00112101
00112101
21002010
21002010
20201201
01220201
01202212
00111120
20201201
02012101
02012101
01202212
02012101
12110102
12110102
02012101
20221201
12110102
01220201
01220201
01220201
01202212
01220201
10220210
00222221
00222211
10220210
00222221
00222221
20201201
12201110
00222221
12201110
12201110
12212000
20201201
12201110
20201201
20201201
20201201
20201201
22201201
11122202
11122202
11122202
11122202
12201110
20201201
11122202
11122202
