11110010
11110010
10021122
21101010
10012020
10012020
11102111
10012020
20122221
20122221
20122221
22012211
22012211
22012211
22012211
22012211
22012211
22012211
22012211
10201222
22012211
01000020
22012211
22012211
11101010
10201222
02212110
21101010
22012211
22012211
21101010
22012211
22012211
22012211
22012211
22012211
10201222
21001010
22012211
02212110
02212110
02212110
02212110
02212110
02212110
22012211
22012211
02212110
02212110
22012211
22012211
22012211
22012211
22012211
10201222
22012211
20002220
20002220
20002220
