01021220
01021220
10011100
21002212
00010220
00111120
20222121
02201101
01000020
01000020
01000020
01000020
01000020
01000020
01000020
10022101
10022101
01000020
01000020
01000020
00212002
01200020
00212102
11122202
00212102
00212112
12201110
00212110
11201110
11201110
12201110
12201110
11000020
11000020
11000020
11000020
11122202
11000020
01000020
01000020
01000020
01000020
11000020
11122202
11122202
01000020
01000020
01000020
11122202
11122202
11122202
01000020
01000020
11122202
01000020
01000020
01000020
01000020
01000020
