21122022
21122022
10020022
12212000
20112112
22012211
12212000
12212000
20121020
22012211
22001112
20121020
22012211
22012211
22012211
22012211
22012211
22012211
10201222
21101010
10201222
20111020
20111020
20111020
21101010
10201222
21101010
10201222
21101010
21101010
21101010
21101010
21101010
10201222
21101010
22010211
10201222
10201222
10201222
10201222
02212110
02212110
12211000
12211000
12211000
22211000
02212110
12212000
12212000
12211000
12211000
12211000
20002220
20002220
20002220
20002220
20002220
20002220
20002220
