02111021
02111021
01121121
11102111
20111201
01000020
01000020
01000020
01000020
01000020
01000020
01011001
01011001
01000020
20110000
20110200
20110000
00212002
00212002
20110000
01000020
00212002
01000020
11000020
11000020
11102111
01020020
11122202
11000020
11122202
11122202
11122202
11122202
01000020
01000020
01000020
11122202
11122202
01000020
01000020
01000020
01000020
01000020
01000010
11000020
11122202
11122202
01000020
01000020
11122202
11122202
11122202
11122202
11122202
12201110
11122202
12201110
12201110
11122202
