10102220
10102220
12120220
12212000
02112210
22220222
22012211
22001112
02212110
02212110
20121020
20121020
21101010
22012211
22012211
10201222
10201222
10201222
10201222
10201222
21101010
21101010
10201222
10201222
10201222
21101010
10201222
10201222
10201222
02212110
21001010
02212110
10201222
22012211
02212110
10201222
02212110
02212110
02212110
21101010
21101010
10201222
21101010
21101010
20111020
21101010
21001010
21001010
21001010
21001010
21001010
21001010
21001010
21001010
21101010
11101010
11101010
21001010
21101010
