21200120
21200120
12011122
12011122
01100020
20222121
20222121
20222121
02201101
22222121
22222121
01000020
22222121
01011001
11102111
00212002
00212002
20222121
21222121
21222121
21222121
21222121
01200020
21222121
11122202
11122202
01000020
11122202
01000020
11122202
01000020
11122202
11122202
11122202
11122202
11122202
11122202
11122202
11122202
11122202
11122202
11122202
11122202
10022100
01000020
12201110
10022100
01000020
10022100
10022100
10020100
10020100
10020100
10020100
10020100
10020100
10020100
10020100
10020100
