11112022
11112022
22112002
02010001
11002122
02220002
00000121
11012022
01011020
20210021
00221001
20210021
11012022
12212000
01212022
02220002
01212002
00221001
02220002
02220002
02220002
02220002
02220002
12110102
12110102
12110102
12110102
12110102
11110102
11110102
11110102
12212000
12212000
12212000
12212000
12212000
12212000
12212000
12212000
12211000
12211000
12211000
12211000
12111000
12211000
12211000
12211000
02212110
02212110
02212110
02212110
12212000
12212000
12212000
12212000
12212000
12212000
12212000
12212000
