22212211
22212211
21010022
12012212
12012212
22212101
12012212
12210022
12201110
12201110
12201110
12201110
12201110
12201110
12201110
12201110
12201110
12201110
12201110
12201110
12201110
12201010
12201110
12201110
11201110
12201110
12201110
01202212
12201110
12201110
12201110
12201110
12201110
12201110
12201110
12201110
12201110
12201110
12201110
12201110
12201110
12201110
12201110
12201110
12201110
11122202
11122202
11122202
11122202
11122202
11122202
22201201
11122202
11122202
11122202
11012202
10020100
22201201
22201201
