10120120
10120120
11102021
11102021
11102021
11102021
11102021
11102021
11102021
20110000
10022101
20110000
10022101
20110000
10022101
10022101
10022101
10022101
10022101
10022101
10122101
10122101
10022101
10122101
10022101
10022101
10022101
10022101
10022101
10022101
10022101
10022101
10022101
22012211
22012211
01000020
00212002
22012211
10022100
10022100
10022100
00212112
00212112
00212112
00212112
00212112
00212112
00212112
22012211
22012211
00212112
01000020
00222112
01000020
01000020
22012211
01000020
11122202
01000020
