10202010
10202010
20221021
10100111
10100111
11012022
11012022
11012022
11012022
20221212
20210021
02220002
02220002
02220002
12212000
02220002
02220002
02220002
02220002
02220002
12212000
12212000
12212000
12201110
11102021
11102021
11102021
12110102
12110102
11102021
12212000
11110102
21101010
21101010
21101010
21101010
21101010
21001010
02212110
20111020
20111020
20111020
20111020
12202000
12202000
12202000
20111020
10201222
20111020
22012211
10201222
20111020
21001010
10201222
21101110
10201222
11001010
21001010
11101010
