21202010
21202010
22002102
11110000
20110000
00010101
12022101
20110000
20110000
11102021
11102021
20110000
11102021
10022101
10022101
10022101
10022101
10022101
10122101
10022101
10122101
10122101
10122101
10022101
10022101
10022101
10022101
10022101
10022101
10022101
10022101
10022101
10022100
10022100
10022100
10020101
10022100
10022100
10022100
10022101
10022101
12022101
12022101
12022101
12022101
12022101
12022101
10022100
10022100
10022100
10022100
10022100
10022100
10022100
10022100
10022100
10022100
10022100
11022100
