12200122
12200122
21111001
10110012
11022010
11022010
10020011
10020011
10020011
22012211
22012211
22012211
22012211
22012211
10201222
22012211
21101010
22012211
22012211
22012211
22011211
22012211
22012211
22012211
20111020
20111020
22012211
22012211
22012211
10201222
22012211
22012211
22012211
20111020
22111020
22111020
22111020
22111020
22111020
20111020
22111020
22012211
02212110
02212110
22012211
20111022
20111020
20111020
20111020
20111020
22012211
00212112
12002000
00212112
00212112
00212112
22012211
00212112
22012211
