11122201
11122201
21120120
20021110
01120022
01120022
12201110
12201110
12201110
12201110
12201110
12201110
12201110
12201110
12210221
00222221
00222221
00222221
00222221
00222221
00222221
00222221
00222221
00222221
00222221
12201110
12201110
12201110
12201110
12201110
12201110
12201110
12201110
12201110
12201110
12201110
12201110
12201110
12201110
12201110
12201110
12201110
12201110
12201110
12212000
11212000
12201110
12212000
11212000
11212000
12212200
11212000
12201112
12212000
10110102
11122202
11122202
11122202
11122202
