02222200
02222200
00221202
10010222
10010222
10010222
10010222
00222221
10010222
10010222
00222221
00222221
10010222
00222221
00010222
00222221
00222221
00222221
00222221
00222221
00222221
12201110
00222221
00222221
00222221
00222221
00222221
00222221
00222221
00222221
00222221
12201110
12201110
12201110
12201110
12201110
12201110
12201100
12212000
12212000
12212000
12212000
12212000
12212000
12212000
11212000
11212000
11212000
11212000
11212000
12201112
12212000
12212000
10110102
10110102
10110102
10110102
10110102
10110102
