02121120
02121120
10010222
10010222
12102012
11210120
10010222
22102200
22102200
10010222
10010222
00222221
10010222
10010222
10010222
10010222
10220210
10220210
10220210
10220210
10220210
10220210
10220210
10220210
10220210
10220210
10220210
10220210
10221210
10220210
12110102
01220201
20201201
01220201
01220201
11122202
11122202
11122202
12210221
12201110
20201201
20201201
20201201
11122202
00222221
00222221
11122202
20201201
11122202
11122202
11222202
12201110
11122202
11122202
11122202
11122202
12201110
12201110
11122202
