11101221
11101221
22102120
01002011
12110210
00020222
10100102
02220002
21002012
02220002
02220002
12110102
12110102
02220002
11012022
10010222
11012022
11012022
11012022
00222221
00222221
00222221
12210221
02220002
12212000
12212000
12212000
12110102
12110102
12110102
12110102
12110102
00222221
12212000
12222000
12212000
12110102
12212000
12212000
12212000
12110102
02110102
12202000
12212000
12110102
12110102
12110102
12110102
12110102
12110102
12212000
12201112
12201112
12212000
12212000
12212000
12212000
12212000
12212000
