22112002
22112002
21002012
20221211
11210210
21002002
21002012
21002012
21002012
10210221
21001002
12110102
01212022
12110102
02220002
11012022
02220002
02220002
02220002
02220002
02220002
12212000
02220002
02220002
12212000
02220002
02220002
12110102
12110102
11102021
22012211
22012211
12212000
12212000
12110102
12202000
12110102
12212000
12222000
12110102
22012211
12202000
12212000
12222000
12212000
12212000
12212000
12212000
12212000
12212000
12212000
12212000
12212000
12212000
12212000
12212000
12212000
10110102
10110102
