12210221
12210221
12201110
12210221
01220201
01220201
12210221
01220201
01220201
12202101
02012101
11022000
11022000
00111120
11022000
12202101
00112120
02012101
00112120
01000020
01000020
11122202
20201201
01202212
01000020
01202212
01202212
01202212
01202212
11122202
11122202
12210221
11122202
11122202
10220210
11122202
11122202
20201201
01220201
01220201
00222221
11122202
11122202
11122202
20201201
00222221
11122202
11122202
12201110
11122202
12201110
12212000
12212000
12212000
12212000
12212000
12212000
12212000
12212000
