10210202
10210202
00010220
00010220
00010220
20222121
21012220
00010220
02201101
22001211
00212002
00212002
01000020
01000020
01000020
00212002
01000020
00212002
00212002
11102111
11102111
11102111
01000020
11000020
11000020
11000020
11122202
11122202
11122202
11122202
11000020
01000020
11122202
11122202
11122202
11122202
11122202
11122202
11122202
11122202
11000020
12201110
12201110
12201110
12200110
12201110
11122202
01020021
01020021
12201110
12201110
11000020
01000020
01000020
12201110
11122202
12201110
12201110
01000020
