10002001
10002001
21021222
00010220
12200002
01202212
21100211
01202212
21100211
01202212
01202212
11122202
11122202
11122202
11122202
11122202
11122202
01000020
11122202
11122202
11122202
11122202
11120202
20201201
20201201
20221201
02012001
01220201
01202212
10220210
10220210
01220201
01220201
01220201
01220201
01220201
01220201
01220201
12201110
11122202
01220201
11122202
11122202
11122202
11122202
12201110
11122202
11122202
11122202
11122202
20201201
11122202
11112202
12201110
11122202
11122202
11122202
11122202
20201201
