01210110
01210110
12102012
12201110
12201110
12201110
12201110
12201110
12201110
12201110
12201110
12201110
12210221
12201110
12210221
12210221
10010222
10220210
00222221
10220210
10220210
10220210
00222221
00222221
10220210
12212000
12212000
01202212
12110102
12110102
00222221
00222221
00222221
00222221
00222221
01220201
11122202
01220201
11122202
11122202
01220201
01220201
01220201
20201201
20201201
20201201
20201201
12112000
20201201
12201110
12201110
12201110
12201110
12201110
12201110
12201110
12201110
12221110
12221110
