01010120
01010120
21010022
12012212
12012212
21120120
22212101
12210022
12201110
12201110
12201110
12201110
12201110
12201110
12201110
12201110
12201110
12201110
12201110
12201110
12201110
12201010
22201110
12201110
11201110
11201110
12201110
01202212
12201110
12201110
12201112
01202212
12201110
12201110
12201110
12201110
12201110
12201110
11120202
11122202
11122202
11122202
11000020
11122202
11000020
11000020
11122202
12201110
12201110
20201201
12201110
12201110
12201110
12201110
12201110
12201110
20201201
12201110
20201201
