00110210
00110210
10212121
12010222
02220002
02220002
11210210
02220002
11210210
02220002
11012022
11012022
11012022
12110102
11012022
11012022
10010222
11012022
11012022
02220002
00222221
00222221
00222221
00222221
00222221
00222221
00222221
00222221
00222221
00222221
00222221
00222221
00222221
12201110
12212000
12212000
12212000
12212000
12212000
12212000
12201110
12212000
12212000
11212000
12212000
11212000
12201110
11212000
12201110
12212000
12212000
12212000
12212000
12212000
12212001
10122202
10122202
10122202
10122202
