01222202
01222202
12120221
00221101
12202101
00120200
12202101
10220210
10220210
12210221
00112101
12210221
00112101
12210221
12210221
20201201
00111120
10220211
02012101
02012101
10220210
02012101
10220210
02012001
10220210
10220210
10220210
12110102
01202212
12210221
01220201
01220201
01220201
01220201
10220212
10220212
01220201
01220201
01220201
01220201
01220201
01220201
11122202
11122202
12201110
11122202
11020020
20201201
11122202
20201201
12201110
20201201
11112202
11122222
11122202
11122202
12201110
12201110
11122202
