10111212
10111212
12212000
12212000
12212000
12212000
01212022
01212022
01212022
12212000
12212000
11012022
12212000
21001002
00221001
10201222
01212002
12212000
12212000
12212000
12212000
12212000
12212000
02220002
02220002
02220002
02220002
02220002
02220002
12212000
12212000
12212000
12110102
12110102
12110102
11120102
11110102
11110102
11110102
12212000
12222000
00222221
12222000
12222000
12212000
12212000
12211000
12212000
12212000
12212000
12212000
12212000
12212000
12212000
12212000
12110102
12110102
12110102
22002220
