20201121
20201121
00022012
10101111
10101111
01010222
11012022
11012022
22001112
10201222
10201222
10201222
21101010
11012022
10201222
21101010
21101010
21101010
21101010
10201222
21101010
21101010
10201222
10201222
10201222
02212110
10201222
21101010
21101010
02212110
02212110
02212110
21001010
21101010
21101010
21101010
21101010
10201222
21101010
21101010
21101010
21101010
21001010
21101010
02212110
22012011
10201222
10201222
22012211
22012211
22012211
22012211
22012211
22012211
22012211
22012211
21001010
21001010
21001010
