02222100
02222100
20120002
01011001
21010022
01011001
01011001
21010022
20110000
01011001
01011011
22110000
20110000
20110200
20110200
20110200
20110200
10022101
10022101
00212002
00212002
10022101
01001020
01000020
00212002
00212002
00212002
20111020
20111020
11122202
11122202
11122202
20111120
20111120
20111120
20111120
20111120
20111120
22012211
22111020
21012211
22111020
11122202
11122202
01000020
01000020
11122202
11122202
11122202
11122202
01000020
01000020
11000020
11122202
01000020
01000020
01000020
12201110
12201110
