02010212
02010212
20112000
22200202
22210002
22210002
11102021
11102021
11102021
11102021
11102021
10022101
11102021
11102021
10022101
10022101
10122101
10122101
10022101
10122101
10022101
10022101
10022101
10022101
10022101
10022101
10022101
20002220
20002220
10022101
10022101
10022101
10022101
10022101
10022101
10022101
10022101
10022101
10022101
10022101
12022101
10022101
22002220
22002220
12022101
12022101
11022101
12022101
10022101
10022100
10022100
10022100
10022100
10022100
10022100
10022100
10022100
22002220
22002220
