21221200
21221200
11211021
02102010
20021001
00202121
01000020
01000020
01000020
00212002
00212002
00212002
00212002
00212002
00212002
00212002
00212002
00212002
00212002
20110000
01000020
00212002
21222121
01000020
11000020
11122202
11122202
01000020
01000020
11122202
11122202
11122202
11000020
11000020
21122202
11000020
21122202
01000020
11000020
11000020
01000020
01000020
01000020
01000020
11122202
01000020
01000020
01000020
11122202
11122202
11122202
01000020
01000020
01000020
10020100
11122202
11122202
11122202
11122200
