01100100
01100100
22221120
12201110
12201110
21002002
12210221
21002012
00111120
21002012
21010022
00112101
00112101
01020221
00112101
12210221
12210221
00111120
01220201
20221201
20221201
21100211
20221200
20221201
01202212
01202212
12201110
01202212
20201201
20201201
20201201
12200110
12200110
10220210
10220210
12201110
12201110
00222221
00222221
12212000
12212000
12212000
12212000
12212000
12212000
12212000
12201110
12201110
12200110
12200110
12201110
20201201
11122202
20201201
20201201
20201201
11122202
11122202
20201201
