12111000
12111000
12012220
11122011
11210120
11210120
12102012
11210120
12210221
12210221
12210221
10220210
12210221
12210221
12210221
12210221
12210221
12210221
20221201
01202212
20221201
02012101
10220210
02012101
10220210
10220210
01202212
10220210
01220201
01220201
01202212
01202212
10220210
10220210
10220210
20201201
20201201
00222221
00202221
12201110
12212000
12212000
12212000
12212000
12212000
02110102
02110102
12212000
12212000
12212000
12212000
12212000
12212000
12212000
12212000
12212000
12212000
10110102
10110102
