10112100
10112100
20121020
20121020
20121020
20221212
20221212
22012211
00022012
01101210
10201222
10201222
10201222
21101010
21101010
21101010
02212110
02212110
02212110
02212110
02212110
02212110
02212110
02212110
22012211
22012211
02212110
10201222
02212110
02212110
02212110
21001010
02212110
02212110
10221222
21001010
02212110
02212110
02212110
02212110
21001010
21101010
21001010
21001010
21001010
21001010
21101010
02212110
21001010
21101010
21101010
21101010
21101010
12202000
12202000
11101010
11101010
11101010
11101010
