11201112
11201112
20221211
02220002
02220002
02220002
02220002
02220002
02220002
12110102
02220002
21002012
02220002
02220002
02220002
02220002
02220002
02220000
02220002
02220002
02220002
02220002
02220002
02220002
12110102
12110102
12110102
12212000
02212000
00222221
22212000
12212000
02220002
12212000
12212000
12212000
12212000
12212000
12212000
12212000
12212000
12212000
12212000
11212000
11212000
01212000
11212000
12201110
12212000
12212000
12212000
12212000
12212000
12212000
12212000
12212000
10122202
10122202
12212000
