01201010
01201010
11002122
21002220
01101111
11020202
00000121
20210021
12110102
00000121
12110102
01011020
12212000
10022020
12212000
12212000
02220002
12212000
12212000
12212000
02220002
02220002
02220002
02220002
02220002
02220002
02220002
02220002
12212000
02220002
12212000
12110102
12110102
12110102
12110102
11110102
12212000
11110102
12110102
12110102
12212000
12212000
12212000
12212000
12212000
21101010
12212000
12212000
12212000
12212000
12212000
12212000
12212000
12212000
12212100
12212000
12212000
12212000
12212000
