00011201
00011201
01112110
11122202
11122202
11122202
11122202
20222121
20222121
22001211
22001211
02201101
01000020
11102111
11102111
11102111
11102111
01000020
01000020
01000020
01000020
01000020
01000020
01000020
11122202
01000020
11000020
01000020
11122202
11122202
11122202
11000020
11122202
00212112
11122202
11122202
11122202
11122202
00212112
00212112
00212112
00212112
00212112
00212112
01000020
01000020
01000020
00212112
00212112
01000020
01000020
01000020
01000020
01000020
01000020
01000020
01000020
01000020
22012211
