00212210
00212210
21100221
12220201
01121121
00212002
11102111
11102111
12212000
11022010
20122221
01101210
01101210
01101210
22001112
01101210
20111020
20111020
20111020
20111020
20111020
20111020
20111020
20111020
20111020
20111020
20121020
20111020
20111020
20111020
22012211
21101010
21101010
21101010
22012211
02212110
22012211
12202000
20111010
22012211
22012211
22012211
21101010
22012211
22012211
20111020
20111020
21101010
12002000
21001010
20111020
21101110
21101110
21101110
10201222
10201222
00212112
12202000
12202000
