02110222
02110222
01011020
21210010
21210010
11020202
21002012
11012022
20210021
11012022
11012022
12212000
12212000
01011020
12212000
21022201
12212000
12212000
12212000
21022201
02220002
02220002
12212000
12212000
12212000
12212000
12110102
12212000
12212000
11110102
12212000
12212000
12211000
12211000
12211000
12211000
12211000
21101010
21101010
12211000
21101010
21101010
21101010
21101010
21101010
21101010
21101010
12212000
12212000
12212000
12212000
12212010
12212000
12212000
12212000
12212000
12212000
12212000
12212000
