11200212
11200212
11122211
22102012
21002012
12110102
12110102
01101111
12110102
02220002
21002012
02220002
02220002
21002012
02220002
02220002
02220002
12110102
12110102
12110102
12212000
12110102
12110102
12212000
12212000
12212000
12110102
10220210
12212000
12212000
02220002
00222221
12202000
11110102
11110102
12222000
12222000
12222000
22012211
12110102
12222000
12222000
12222000
12222000
00222221
12212000
12212000
12212000
12212000
12212000
12212000
12212000
12212000
12212000
12212000
12212000
12212000
12212000
12012000
