22010120
22010120
20111201
00212002
20121222
20121020
21101010
22001112
22012211
22012211
22012211
22012211
22012211
20122221
20122221
20120000
20110000
22012211
22012211
22012211
22012211
10201222
20111020
20111020
20111020
20121020
20111020
20111020
22012211
22012211
21101010
21101010
22012211
22012211
22012211
21001010
22012211
22012211
22012211
02212110
02212110
02212110
02212110
02212110
20111020
02212110
20111020
22012211
02212110
22012211
22012211
12002000
20111020
21001010
10201222
21001010
21101110
10022100
21001010
