10100111
10100111
21020222
10120111
10120111
00202121
10120111
10120111
10120111
01000020
21020222
11102111
01000020
00212002
01000020
00212102
11102111
00212102
00212102
10022101
10022101
00212102
10022101
10022101
10022101
10022101
10022101
10022101
10022101
10022101
10022101
10022101
11122202
11122202
10022101
10022100
11122202
10022100
10022100
10022100
10022200
10022100
10022100
01000020
10022100
10022100
10022100
10022100
10022100
10020100
10022100
10020100
10020100
10022100
10022100
10022100
10022100
10022100
10020100
