10120211
10120211
10211201
10211201
10020011
10211201
01211012
10211201
20110000
10211201
20110000
10211201
20110000
10201222
20110200
20110200
01101210
20110200
20110200
20110200
20110200
20110200
11102111
20110200
20110200
20111020
20111020
20111020
20111020
20111020
20111020
20111020
22012211
20111020
22012211
20111020
22012211
22111020
02212110
20111010
22012211
22012211
22010211
20111020
12202000
20111020
12002000
22012211
22012211
22012211
22012211
22012211
10201222
21001010
10201222
10201222
21001010
21101010
21001010
