20120002
20120002
01011001
00222021
11102021
12022101
01011001
20110000
20110000
01011001
01011001
20110000
20110000
20110000
20110200
20110200
01000020
10022201
00212002
00212002
00212002
00212002
00212002
00212002
00212002
20111020
20111020
20111020
20111020
20111020
20111020
11122202
01000020
20111120
20111120
01000020
01000020
22111020
01000020
01000020
01000020
11000020
11122202
01000020
01000020
01000020
01000020
12201110
12201110
01000020
01000020
11122202
01000020
11122202
11122202
11122202
11122200
10020100
11122200
