10111220
10111220
22221120
11210210
21002002
21002002
22102012
00112101
00112101
00111120
00112101
10220210
00112101
01020221
12210221
00112101
00112101
01220201
01220201
01220201
10220210
02012101
10220210
10222210
10220210
02012101
01220201
01220201
01220201
01220201
01220201
10220210
10220210
01210201
00222221
00222221
00222221
11122202
11122202
10220210
00201201
00222221
20201201
20201201
11122202
12112000
12201110
12112000
12201110
12201110
12201110
12201110
12201110
12201110
12201110
12201110
12201110
12201110
20201201
