22101202
22101202
22112011
22112011
12021212
11101201
11101201
22212101
20201201
11022000
20201201
10222011
00101120
01202212
01202212
20201201
20201201
02012101
01202212
21100211
01202212
21110211
02012101
02012101
02012101
01202212
20021201
01202212
01202212
11122202
10220210
11122202
01202212
01202212
10220212
10220212
01220201
01220201
01220201
01220201
01220201
11122202
20201201
01220201
20201201
20201201
00222221
20201201
20201201
11122202
00222221
11122202
11122202
20201201
11122202
20201201
11122202
11122202
11122202
