21001001
21001001
20210122
22210022
10210112
22212101
22212101
22212101
21010022
20201201
20201201
12201110
20201201
12201110
12201110
11022000
00111120
11122202
00111120
11122202
12201110
12201110
12201110
12201110
01202212
01202212
11122002
11122202
11122202
11122202
11122202
11122202
11122202
11122202
11122202
11122202
11122202
00222221
00222221
00222221
11122202
11122202
11122202
11102202
11122202
12201110
20201201
20201201
12201110
11122202
12201110
22201201
22201201
22201201
11122202
11122202
11122202
11122202
12201110
