02000100
02000100
01122022
10210112
12021212
22112011
11022000
11012000
11022000
20201211
02012101
11022000
02012101
02012101
02012101
20221201
20221201
20221201
12210221
12210221
20221201
01202212
01202212
12201110
20201201
20201201
11201110
01202212
01202212
01202212
01202212
01202212
01202212
12201110
12201110
12201110
12201110
12201110
12201110
11122202
12201110
11122202
11000020
11000020
11000020
11000020
11122202
12201110
12201110
12201110
20201201
11122202
11122202
20201201
11122202
12201110
12201110
12201110
11122202
