11120022
11120022
01222011
02220002
20022022
01101111
00020222
02220002
02220002
02220002
10010222
10010222
11012022
11012022
11012022
10010222
11012022
11012022
10010222
11012022
02220002
00222221
00222221
00222221
00222221
12212000
00222221
00222221
12201110
12110102
00222221
00222221
00222221
00222221
00222221
00222220
00222221
00222221
12212000
02110102
12212000
02110102
02110102
02110102
12110102
12212000
12212000
12212000
12212000
12212000
12212000
12212000
12212000
12212000
12212000
12212000
12212000
12212000
12212000
