22112200
22112200
10210021
22001112
22001112
22001112
22012211
22012211
20122221
20122221
22012211
22012211
22001112
22012211
21101010
22012211
20111020
20111020
20111020
20111020
20111020
20111020
20111020
20111020
20111020
20121020
20111020
20111020
20111020
20111120
20111020
20111020
20111120
10111120
20111120
20111120
20111120
21101010
20111120
22111020
02212110
22012211
22012211
20111020
22012211
20111020
20111020
20111020
12002000
12002000
21101010
21101010
21101010
12202000
12202000
21001010
11101010
00212112
12202000
