22010222
22010222
00101120
00010101
12022101
22002102
20110000
01011001
20110000
01011001
01011001
20110000
20110000
20110200
20110200
10022101
10022101
10022101
10022101
10022101
10022101
20111020
10122101
01001020
00212002
20111020
20111020
20111020
20111020
20111020
20111020
20111020
20111021
20111120
20111120
20111120
20111120
22111020
01000020
11000020
11000020
20111120
20111120
01000020
01000020
01000020
01000020
01000020
00212112
01000020
01000020
01000020
01000020
01002020
01000020
01000020
11122202
01000020
01000020
