10102212
10102212
20200111
10201112
02220002
02220002
22220002
02220002
02220002
12110102
12110102
12110102
12110102
12012022
02220002
02220002
02220002
11012022
02220002
02220002
12110102
12110102
10220210
12110102
12212000
12212000
12212000
12212000
12212000
12212000
12212000
12212000
12212000
12212000
12212000
12212000
12110102
12110102
12212000
12212000
12212000
12212000
12202000
12110102
12110102
12202000
12202000
12120102
12110102
12110102
12110102
12110102
12110102
10110102
12110102
20002220
20002220
12110102
12110102
