20001020
20001020
22002210
02011122
00102021
20111201
20222121
01000020
20222121
22001211
01202212
20222121
21222121
22001211
20222121
20222121
01200020
20222121
21222121
11122202
11000020
01000020
21222121
01000020
01000020
11000020
11122202
21000020
01000020
11000020
11000020
11122202
11122202
11122202
11122202
01000020
00212112
01000020
00212112
00212112
11122202
11122202
01000020
11122202
11122202
01000020
11122202
11122202
01000020
11122202
11122202
11122202
01000020
10020100
01000020
01000020
01000020
10020100
10020100
