22202111
22202111
20010111
00212002
00212002
10012020
22012211
20121020
22012211
22012211
22012211
22012211
22012211
22012211
22001112
22012211
22012211
22012211
22012211
22012211
22012211
22012211
22012211
22012211
20111020
22012211
20111020
21101010
21101010
22012211
22012211
22012211
22012211
22012211
22012211
22012211
10201222
02212110
02212110
02212110
02212110
02212110
02212110
02212110
02212110
22012211
21001010
12002000
11201222
02212110
22012211
22012211
22012211
10201222
21101010
10201222
10201222
10201222
10201222
