21212222
21212222
01222102
01222102
02100111
02100111
11122202
11122202
11122202
10120111
10022101
11022101
10022101
10022101
10022101
10022101
10022101
10022101
10022101
10022101
10022101
10022101
10022101
10022101
10022101
10022101
10022101
10022100
10022100
10022100
10022100
10022100
10022100
10022100
10022100
10022101
10022100
10022110
10022100
10022100
10022100
10022100
10022100
10022100
10022100
10022100
10022100
10022100
10022100
10022100
10022100
10022100
10022100
10022100
10020100
10022100
10022100
10022100
10022100
