22201121
22201121
11102111
00212002
02201101
02201101
00212002
00212002
00212002
00212002
00212002
00212002
01000020
01000020
01000020
00212002
01000020
11102111
11102111
11102111
11102111
11102111
11000020
11000120
11000020
11000020
11000020
11000020
11000020
11122202
01000020
11122202
11122202
11122202
11122202
01000020
11122202
11122202
01000020
00212112
00212112
00212112
00212112
01000020
01000020
01000020
01000020
01000020
01000020
22012211
01000020
01000020
22012211
01000020
01000020
22012211
22012211
22012211
22012211
