10120210
10120210
01100000
20120210
01100000
20222121
20222121
01100020
01000020
01000020
01000020
01000020
01000020
01000020
01000010
11122202
01000020
11122202
01000020
01000020
01000020
01000020
01000020
01000020
01000020
01100020
01000020
11000020
01000020
11000020
01000020
11000020
01000020
01000020
01000020
01000020
01000220
01000220
01000020
11000020
11000020
11000020
11122202
11122202
01000020
01000020
01000020
11122202
11122202
01000020
11122202
01000120
12201110
11122202
12201110
01000020
11122202
11122202
12201110
