11201111
11201111
21101010
22001112
22001112
22220222
01201120
22012211
01201120
20122221
22001112
22012211
22012211
22012211
22001112
22012211
21101010
22012211
22012211
22012211
22012212
10201222
01000020
22012211
21101010
21101010
21101010
21101010
21101010
21101010
21101010
21101010
21101010
21001010
21001010
21001010
21101010
21101010
21001010
21001010
21001010
21001010
21001010
21101010
20111020
21101010
21101010
21001010
21101010
21001010
21101010
21101110
21101010
21101110
10201222
11101010
21001010
11101010
11101010
