00112101
00112101
12012212
21222112
20222112
20222112
20222112
20222112
20222112
20222112
20222112
10022101
10022101
10022101
10022101
10022101
10022101
10022101
10022101
10022101
10022101
10022101
10022101
10022201
10022101
10022101
10022101
12201110
12201110
10022100
10022100
10022101
10022200
10022101
10022101
12201110
12201110
10022100
10022100
10022100
10022100
10022100
10022100
12201110
12201110
12201110
12201110
12201110
12201110
12201110
11122202
11122202
12201110
12201110
10222100
10022100
10222100
10022100
11122202
