11200200
11200200
10101210
00212002
00212002
00212002
22220222
20121020
02212110
01201120
02212210
01101210
01101210
20111020
20111020
10211201
10201222
10201222
20122221
20111020
20111020
22012211
22012211
22012211
22012211
20111020
10022101
22012211
10022101
10022101
10022101
22012211
22012211
22012211
22012211
22012211
22012211
22012211
22012211
22012211
22012211
22012211
22012211
22012211
22012211
00212112
20111020
20111020
00212112
00212112
00212112
10022100
10022100
10022100
10022100
10022100
10022100
10022100
10022100
