01212122
01212122
22001111
01100020
20222121
01100020
20222121
20222121
20222121
22222121
01000020
01000020
01000020
01000020
01000010
11122202
11122202
01000020
01000020
01000020
01000020
01000020
01000020
01000020
11122202
11122202
01000020
11122202
11122202
01000020
01000020
11122202
01020020
11102202
11102202
01000220
11122202
01000020
11000020
11000020
11000020
11000020
11122202
11122202
01000020
11122202
11122202
11122202
11122202
11122202
11122202
11122202
01000020
12201110
11122202
01000020
11122202
11122202
11122202
