11212012
11212012
20111011
20111011
20111011
10201222
10201222
22001112
10201222
10201222
10201222
21101010
10201222
21101010
21101010
11012022
10201222
10201222
10201222
21101010
10201222
10201222
10201222
10201222
10201222
10201222
22012211
21101010
21101010
21101010
21101010
10201222
22012211
10201222
22012211
22012211
22012211
22012211
22012211
02212110
22012211
22012211
02212110
02212110
02212110
02212110
02212110
02212110
02212110
02212110
22012211
22012211
22012211
22012211
20002220
22012211
22012211
22012211
22012211
