11210122
11210122
22021110
00221101
12201110
12210221
11022000
21002012
12202101
10220210
12210221
00112101
12202101
02012101
20201201
00112101
00112101
01220201
01220201
02002101
12210221
01220201
01220201
01220201
01220201
02012101
01220201
21220201
12110102
10220210
10220210
10220210
01210201
11122202
10220210
10220210
00222221
01220201
01220201
00222221
20201201
20201201
01220201
01220201
20201201
01220201
01220201
11122202
11122202
12201110
12201110
12201110
12201110
12201110
12201110
12201110
12201110
12201110
20201201
