21102002
21102002
00112202
20201201
00010220
00010220
10222011
02012101
01202212
01202212
10220210
20021110
11022000
02012101
02012101
02012101
20221201
20221201
02012101
20221201
01202212
01202212
20201201
01202212
11122202
01202212
01202212
01202212
10220210
01202212
11122202
11122202
11122202
10220210
10220210
10220210
11122202
11122202
11122202
20201201
20201201
11122202
11122202
11122202
11122202
12201210
01020020
12201110
11122202
12112000
12201110
20201201
11112202
20201201
22201201
22201201
22201201
22201201
11122202
