22222000
22222000
11200212
10101111
10201222
10201222
12212000
11012022
12212000
12212000
10201222
10201222
12212000
10201222
12212000
11012022
22012211
21101010
22012211
20111020
20111020
20111020
20111020
10201222
02212110
10201222
02212110
02212110
02212110
02212110
21101010
01212110
21101010
02212110
21001010
21001010
22012211
12202000
21001010
21001010
21101010
21101010
21101010
10201222
21001010
02212110
10201222
10200222
21001010
21001010
21001010
21101010
01212110
21001010
01212110
21001010
21001010
00212112
21001010
