20212100
20212100
10022222
01211012
10211201
01211012
01211012
01211012
01211012
10211201
21022201
10211201
21022201
20002220
21022201
20002220
21022201
20002220
21022201
20002220
20122221
20002220
20002220
20002220
20002220
20002220
20002220
10022101
10022101
20002220
10022101
10022101
10022101
10022101
10022101
10022101
10022101
10022101
10022101
10022101
10022101
12022101
10022101
22002220
12022101
12022101
12022101
12022101
12022101
12022101
10022100
10022100
10022100
10022100
10022100
10022100
10022100
10022100
22002220
