02120201
02120201
01020100
21002012
20200111
21002012
00221101
11012022
00020222
00020222
11020202
10022020
10022020
10022020
12212000
11012022
22001112
22001112
21022201
11012022
02220002
02220002
02220002
02220002
12110102
02220002
02220002
12110102
12212000
02220002
12212000
12110102
12212000
12212000
12212000
12212000
12212000
12212000
12212000
12212000
12212000
02110102
12212000
12212000
12212000
12212000
12212000
12212000
12212000
12212000
12212000
12212000
12212000
12212000
12212000
12212000
12212000
12212000
12212000
