21201022
21201022
21112021
11102021
22021000
11102021
22021000
22021000
22021000
10022101
10022101
10022101
10022101
10022001
10022101
10022101
10022101
10022101
10022101
10022101
10022101
10022101
10022101
10022101
10022101
10022100
10022100
10022100
10022100
10022100
10022100
10022100
10022101
10022101
10022101
10022101
10022101
10022100
10022100
10022100
10022100
10022100
10022100
10022100
10022100
10022100
10022100
10022101
10022101
10022101
10022101
10022101
10222100
10022100
10022100
10022100
10022100
10022100
10022100
