21001110
21001110
12201110
12201110
12210221
12210221
12201110
22102012
00111120
10220200
10220202
12201110
10220210
10220210
10220210
10220210
10220210
10220210
10220210
10220210
10220210
10220210
10220210
10220210
12201110
12212000
12212000
12110102
12110102
10220210
12110102
20201201
01202212
01220201
12210221
12210221
11122202
11122202
11122202
11122202
11122202
12201110
12201110
12201110
12201110
12201110
12201110
12201110
12201110
12201110
12201110
12201110
12201110
12201110
12201110
12201110
12201110
12201110
12201110
