00002210
00002210
00122012
21211021
20201201
11022000
10222011
00111120
21002012
00112101
00112101
00112101
01220201
01120201
01020221
02012101
01202212
01202212
01202212
01202212
01202212
01202212
01202212
01202212
01202212
01202212
01202212
01202212
20201201
20201201
12200110
12200110
20201201
12201110
12201110
12201110
12201110
12201110
12201110
12201110
12212000
12212000
11122202
12201110
12212000
12212000
12201110
12201110
12201110
12201110
12201110
12201110
12201110
12201110
12201110
12201110
12201110
12201110
12201110
