21010211
21010211
01110210
20112112
22012211
22012211
22001112
22001112
21101010
21101010
21101010
02212110
02212110
21022201
22001112
21022201
21022201
02212110
02212110
02212110
02212110
10201222
02212110
10201222
10201222
10201222
10201222
10201222
10201222
10201222
21101010
22012211
02212110
02012110
21101010
10201222
10201222
02212110
02212110
02212110
02212110
02212110
02212110
02212110
02212110
02212110
02212110
12110102
12212000
02212110
02212110
02212110
12212000
12212000
12212000
12212000
12212000
12212000
12212000
