10012020
10012020
12120220
12120220
12120220
02212102
12120220
11012022
12212000
10201222
10201222
10201222
21101010
21101010
21101010
11012022
10201222
21101010
22012211
10201222
10201222
20111020
22012211
02212110
02212110
02202110
21101010
02212110
22012211
21101010
02212110
02212110
02212110
02212110
02212110
02212110
21001010
21001010
02212110
02212110
21001010
02212110
02212110
21101010
02212110
22012211
12002000
22012211
02212110
22012211
22012211
22012211
22012211
10201222
10201222
22012211
20002220
20002220
20002220
