11001202
11001202
12022112
12221121
22102200
10010222
10010222
02220002
02220002
10010222
10022020
10010222
10022020
10010222
10010222
10010222
10010222
11122021
11212202
12201110
00222221
12201110
11102021
12201110
11102021
11102021
11102021
11102021
12212000
12212000
21002220
12212000
21002220
21101010
21001010
21101010
21101010
21101010
10201222
10201222
21101010
21101010
21101010
21101010
20111120
22012211
12002000
22012011
10201222
22012211
21101010
02212110
12202000
21001010
21001010
21001010
21001010
21001010
21001010
