12210111
12210111
20110000
20110000
21111001
10112122
10020011
20110000
20110000
20110000
20110000
22012211
22012211
20110200
20110200
20110200
01101210
22012211
21101010
21101010
22012211
22012211
21101010
10201222
10201222
02212110
22012211
21101010
22012211
21101010
21101010
10201222
22012211
10201222
22012211
22012211
22012211
22012211
02212110
02212110
02212110
22012211
02212110
02212110
22012211
02212110
20111020
02212110
02212110
02212110
02212110
22012211
22012211
22012211
20002220
22012211
21101110
21001010
11101010
