00202121
00202121
02201101
00212002
00212002
12201110
01000020
01000020
01000020
01000020
01000020
01000020
00212002
00212002
00212002
01000020
01000020
01000020
20222121
01000020
01000020
01000020
01000020
00212112
01000020
11000020
01000020
11122202
11122202
11122202
11122202
11122202
00212112
00212112
11122202
00212112
11122202
11122202
11122202
01000020
10022100
01000020
01000020
01000020
01000020
01000020
01000020
01000020
01000020
01000020
10020100
10020100
10020100
10020100
10020100
11122202
11122202
11122202
11122202
