02020121
02020121
10022222
01211012
10211201
01211012
01211012
01211012
10211201
10211201
10211201
20002220
21022201
20002220
21022201
20002220
21022201
20002220
21022201
20002220
21022201
20002220
20002220
20002220
20002220
20002220
20002220
20002220
20002220
20002220
20002220
20002220
20002220
10201222
10201222
10201222
10201222
20002220
20002220
20002220
20002220
20002220
02212110
20002220
20002220
20002220
20002220
20002220
20002220
20002220
20002220
20002220
20002220
20002220
20002220
20002220
22012211
22012211
20002220
