00200111
00200111
22102200
10010222
10010222
10010222
10010222
10010222
10022020
10022020
00222221
10010222
10010222
10010222
10010222
10010222
11102021
10010202
11102021
11102021
11102021
11102021
00222221
11102021
11102021
11102021
11102021
12212000
12212000
12212000
21002220
11110102
12211000
12211000
12211000
12211000
12211000
12211000
12211000
12211000
12211000
12211000
12211000
12211000
12211000
12211000
12211000
12212000
12212000
12211000
12211000
12211000
20002220
12212000
12212020
20002220
20002220
20002220
20002220
