20121210
20121210
22020012
22102200
10010222
10010222
10010222
10010222
10010222
10010222
00222221
10010222
10010222
10010222
10010222
10010222
11012022
11012022
00222221
00222221
00222221
00222221
00222221
00222221
00222221
00222221
00222221
00222221
00222221
12201110
00222221
00222221
00222221
00222221
00222221
12212000
12212000
12212000
12212000
12212000
12212000
12212000
12212000
12212000
12201110
12201110
12201110
12201110
12201110
12201110
12201110
12201110
12201110
12201110
12201110
12201110
12201110
12201110
12221110
