02012211
02012211
01022020
10010222
10010200
11210120
11210120
11210120
22102200
12201110
12210221
12210221
12210221
12210121
12210221
12210221
12110102
12110102
12110102
12110101
11110102
11110102
12110102
12110102
12110102
01220201
01220201
01220201
01220201
01220201
20201201
20201201
11122202
11122202
10220210
11122202
20201201
00222221
01220201
00222221
00222221
11122202
12201110
12201110
12201110
12201110
11122202
12201110
12200110
12201110
12201110
12201110
12201110
12201110
12201110
12201110
12201110
11122202
12201110
