11011001
11011001
11210210
21002002
21002012
21002002
21002012
21002012
21002012
12210221
12210221
00112101
02012101
12202101
12210221
02012101
01202212
01202212
01202212
01202212
01202212
10220210
01202212
12201110
01202212
01202212
01202212
01202212
00222221
01202212
01202212
20201201
20201201
20201201
11122202
11122202
11122202
20201201
12201110
20201201
20201201
11122202
11122202
11122202
11122202
11122202
11122202
11122202
20201201
11122202
11122202
12201110
11122202
11122202
11122202
11112202
12201110
11122202
11122202
