20100110
20100110
02201101
02201101
20111201
01000020
01000020
01000020
01000020
01000020
01000020
01000020
01000020
01000020
01000020
01000020
20110000
00212002
01000020
01000020
01000020
00212002
21222121
00212002
00212002
01020020
01000020
11000020
01000022
00212002
01000020
01000020
01000020
11122202
01000020
01020020
01000020
01000020
11122202
11122202
00212112
11122202
00212112
01000020
11000020
11122202
11122202
11122202
11122202
11122202
11122202
11122202
01000020
01000020
01000020
10020100
10020100
10020100
10020100
