12211002
12211002
00111200
10201222
11212012
10201222
10201222
10201222
10201222
20002220
21022201
21022201
22001112
21022201
21022201
22001112
21022201
02212110
02212110
02212110
02212110
02212110
02220002
02220002
02220002
12212000
12212000
12212000
12212000
12212000
12212000
12212000
12110102
12212000
11110102
11110102
12110102
11110102
11110102
12212000
12202000
12212000
12222000
12212000
12222000
12212000
12212000
12212000
12212000
12212000
12212000
12212000
12212000
12212000
12212000
12212000
12212000
12212000
12212000
