12002222
12002222
01220201
21010022
21010022
22212101
22212101
21010022
12201110
12201110
12201110
12201110
12202101
12202101
12201110
12201110
12201110
12201110
12201110
12201110
12201110
12201110
12201110
12201110
01202212
12201110
12200110
12200110
20201201
12201110
12201110
12201110
12201110
12201110
12201110
12201110
12201110
12201110
12201110
12201110
12201110
12201110
11122202
11122202
12201110
11122202
11212000
11122202
11122202
12212000
12212000
01122202
12212000
12212000
12212000
11122202
11122202
11122202
11122202
