10112010
10112010
20010012
01220201
01220201
12021212
21010022
10220210
10220210
10220210
12210221
00112101
12210221
10220210
12210221
10220210
01220201
02012101
12210221
01202212
01202212
01202212
01202212
01202212
01220201
10220210
10220210
01202212
12110102
01202212
01202212
20201201
01220201
20201201
11122202
11122202
11122202
11122202
11122202
11122102
11122202
11122202
11122202
12201110
12201110
20201201
12112000
20201201
12201110
12201110
12201110
12201110
12201110
12201110
12201110
12201110
12201110
12201110
12221110
