20021011
20021011
10211201
10211201
10112122
20110000
20110000
20110000
20110000
10211201
10201122
10211201
10201222
20110100
20110200
20110200
10201222
20111020
20111020
20111020
20111020
20111020
20111020
20111020
20111020
20111020
20111020
20111020
20111020
20121020
21101010
02212110
22012211
10201022
02212110
10201222
22012211
02212110
10201222
10201222
02212110
02212110
02212110
02212110
02212110
02212110
02212110
21001010
02212110
21101010
10201222
21101010
10201222
22012211
10201222
22012211
22012211
10201222
20002220
