00102122
00102122
10101111
10101111
12120220
10101111
00022012
01101210
12212000
11012022
11012022
10201222
21101010
21101010
21101010
21101010
21101010
21101010
21101010
22012211
10201222
10201222
11012022
10201222
10201222
02212110
10201222
02222110
21101010
02212110
02212110
02212110
02212110
21101010
21001010
02212110
02212110
12202000
22012211
20111020
20111020
20111020
21001010
21001010
21001010
02212110
02212110
02212110
21001010
02212110
21001010
21001010
12212000
12212000
12212000
12211000
20002220
21101010
21001010
