10201001
10201001
21202122
01222102
11122202
11122202
11122202
11122202
11122202
11122202
11122202
11122202
11122202
11122202
11122202
11122202
01000020
01000010
01000020
01000010
01000020
01000020
11122202
11122202
11122202
01000020
01000020
11000020
01000020
11000020
01000020
11000020
01000020
01000020
01000020
01000020
01000020
11000020
11000020
01000020
01000020
11122202
11000020
11122202
11122202
01000020
01000020
11122202
11122202
01000020
11122202
11122202
11122202
10020100
10020100
01000020
01000020
10020100
10020100
