01212120
01212120
02012101
21200112
12012212
11000211
11000211
02220101
12210022
20222112
12201110
02220101
12201110
22021000
12201110
11022000
00112120
00111120
12201110
12201110
10022101
12201110
12201110
12201110
10201110
01202212
01202212
01202212
11122202
11122202
01202212
12201010
11122202
11122202
11000020
11000020
11000020
01000020
11122202
01220201
11122202
12201110
11122202
20201201
11122202
20201201
11122202
12201110
20201201
12201110
12201110
02201110
22201201
22201201
22201201
11122202
11122202
11122202
12201110
