22101211
22101211
12201110
12201110
12201110
12210022
01220201
22211212
12210221
12210221
12210221
12210221
12210221
12210221
10220210
10220210
10220210
10220210
10220210
12110102
12110102
12110102
12110102
12110102
01220201
12110102
02012001
01202212
01220201
01220201
01202212
10220210
10220210
12200110
12201110
20201001
12201110
12201110
12201110
12201110
12201110
12201110
12201110
12112000
12201110
12201110
12201110
12112000
12201110
12201110
12201110
12201110
12201110
12201110
12201110
12201110
12201110
12201110
20201201
