01110110
01110110
22212120
22112011
11022000
11022000
11022000
11022000
00111120
20201201
20201201
20201201
00101120
20201201
20201201
02012101
11022000
02012101
21100211
20221201
01202212
20221201
01202212
20021201
01202212
01202212
01220201
01202212
01220201
01220201
10220210
10220210
10220210
20201201
20201201
20201201
20201201
12201110
12201110
12201110
12201110
12201110
12201110
12112000
12201110
12112000
12201110
11122202
12201110
12201110
12201110
12201110
12201110
12201110
12201110
12201110
12201110
12201110
12201110
