22110121
22110121
11120211
11022010
11022010
11022010
20111020
01011001
22001112
11102111
22001112
22001112
22012211
22012211
22001112
22012211
22012211
22012211
22012211
22012211
22012211
22012211
22012211
22012211
20111020
20111020
22012211
21101010
22012211
22012211
22012211
22012211
21101010
22012211
22012211
21001010
22012211
22012211
22012211
02212110
02212110
02212110
02212110
02212110
02212110
02212110
22012211
02212110
02212110
02212110
22012211
22012211
22012211
22012211
21001010
21101110
21001010
11101010
11101010
