22102101
22102101
02112211
22210022
22210022
22212101
22212101
22212101
21010022
12201110
20201201
12201110
00111120
00111122
11022000
00111120
00111120
00111120
12201110
12201110
12201110
12201110
12201110
01202212
01202212
01202212
01202212
11122202
11122202
11122202
11122202
11122202
11122202
11122202
11122202
11122202
11122202
11122202
10220210
11122202
11122202
20201201
11122202
01220201
20201201
00222221
11122202
11122202
11122202
22201201
22201201
22201201
22201201
11122202
11122202
11122002
11122202
11122202
11122202
