20010020
20010020
11210120
12201110
12201110
12201110
12101110
12201110
12201110
12201110
12201110
12201110
12210221
12201110
12210221
12210221
10220210
10220210
10220210
10220210
10220210
10220210
10220210
10220210
10220210
10220210
10220210
10220210
10220210
10220210
01220201
20201201
10220210
20201201
10220210
20201201
10220210
20201201
20201201
11122202
20201201
20201201
11122202
11122202
11122202
11122202
11122202
11122202
11122202
11122202
11122202
11122202
11122202
11122202
22201201
22201202
22201201
10020100
22201201
