21021210
21021210
11000211
21200112
11000211
02220101
01120022
12012212
12210022
20222112
12201110
12201110
12201110
12201110
12201110
12201110
12201110
12201110
12201110
12201110
12201110
12201110
12201110
12201110
11201110
12201110
11201110
01202212
01202212
01202212
01202212
12201110
01202212
12201110
01202212
12201110
12201110
12201110
12201110
12201110
12201110
12201110
12201110
12201110
12201110
12201110
12201110
12201110
01020021
01020021
11122202
11122202
12201110
20201201
12201110
20201101
12201110
11122202
11122202
