11100201
11100201
01101111
20202102
11002122
12110102
11020202
02111012
01101111
20210021
12212000
12212000
01212022
01212022
00221001
12212000
01212002
00221001
12212000
00221001
12212000
12212000
12110102
12212000
12212000
12212000
12212000
00222221
00222221
12212000
12212000
12212000
12212000
12212000
12212000
12212000
12212000
12212000
12212000
12212000
12212000
12212000
12212000
11212000
11212000
11212000
11212000
12201112
12212000
12201112
12212000
10110102
12201112
12212000
12212000
10122202
10122202
10120202
10122202
