12110111
12110111
10010222
10010222
10010222
22102200
22102200
22102200
22102200
12201110
12210221
12210221
12210221
12210221
12210221
12210221
12210221
12110102
11110102
12110102
11110102
11110102
11110102
11110102
11110102
12110102
12212000
12212000
10212000
12110102
12212000
12110102
12212000
12212000
00222221
12110102
12212000
12110102
12110102
02110102
11110102
12212000
12212000
12110102
12212000
12211000
12212000
12212000
12212000
12212000
12212000
02212110
12212000
12212000
12212000
12212000
12212000
12212000
12212000
