01011112
01011112
12212000
12212000
12212000
12212000
11012022
11012022
11012022
11012022
11012022
12212000
11012022
11012022
11012022
12212000
12212000
12212000
22012211
22012211
10201222
02212111
22012211
22010211
20111020
02212120
02212110
02212110
02212110
20111020
02212110
02212110
21001010
22012211
22010211
10201222
10201222
02212110
02212110
02212110
02212110
02212110
02212110
02212110
02212110
22012211
22012211
02212110
02212110
22012211
22012211
22012211
22012211
22012211
22012211
22012211
20002220
22012211
22012211
