01102022
01102022
11012022
11012022
11012022
11012022
11012022
11012022
11012022
11012022
12212000
12212000
21022201
11012022
11012022
21022201
22001112
21022201
02212110
02212110
02212110
02212120
02212120
02212120
02212110
02212120
21101010
21001010
10201222
10201222
02212110
21101010
20111020
02212110
21101010
21001010
21001010
02212110
02212110
02212110
21101010
02212110
21001010
21101010
21001010
21001010
21001010
21001010
21001010
21101010
21101010
21101010
21101010
21101010
01212110
21101110
21001010
12202000
12202000
