12201112
12201112
00000121
00000121
20221021
12212000
01212022
12212000
10022020
12212000
12212000
12212000
10022020
12212000
12212000
02220002
22001112
21022201
00221001
02212110
02220002
02220002
02220002
02220002
12212000
12212000
12212000
12212000
12212000
12212000
12212000
12110102
12212000
12212000
12212000
12212000
12211000
22012211
12211000
21101010
21101010
21101010
21101010
21101010
21101010
21101010
12212000
12212000
12212000
12212000
12110102
12212000
12212000
12201112
12212000
12212000
12212000
12212000
12212000
