21010221
21010221
20110111
01121121
00212002
00212002
01201120
10012020
22001112
22001112
22012211
22012211
22012211
01101210
22012211
01101210
20111020
20111020
20122221
10201222
20111020
22012211
22012211
20111020
20111020
20111020
20111020
20111020
20111020
20111020
20111020
20111020
20111020
20111120
20111020
22111020
22111020
22111020
22111022
22012211
01000020
01000020
11000020
11000020
01220201
01000020
11122202
01000020
01000020
01000020
01000020
01020011
01020011
01000020
10020100
11122202
11122202
01000020
01000020
