20102202
20102202
21020222
12010221
02201101
01000020
01000020
00212002
01000020
01000020
01000020
01000020
00212002
01000020
01000020
00212002
00212002
00212002
00212002
01000020
01000020
01000020
01000020
01000020
00212102
01020020
01020022
11122202
11122202
11122202
00212002
00212002
01000020
00212002
00212002
11122202
00212112
00212112
00212002
00212112
00212112
11122202
00212112
11122202
11122202
11122202
00212112
00212112
01000020
01000020
01000020
00212112
01000020
01000020
01020021
01000020
01000020
01000020
01000020
