11001120
11001120
12201110
12201110
12201110
12201110
12201110
12201110
12201110
12201110
12210221
12210221
12201110
12210221
10220210
10220210
10220210
10220210
10220210
10220210
10220210
12110102
12110102
12110102
10220210
12110102
12212000
12212000
02220002
12212000
02220002
12212000
12212000
22211000
12212000
12212000
12212000
12212000
12212000
12212000
12212000
12212000
12212000
12110102
12110102
12110102
11212000
12110102
12110102
10110102
10110102
10110102
10110102
10110102
10110102
10110102
10110102
10110102
12110102
