12202022
12202022
21202122
22102120
12110102
02220002
01101111
00020222
02220002
02220002
02220002
11012022
21002012
21002012
12110102
12110102
12110102
02220002
02220002
02220002
12110102
11110102
12110102
12110102
12110102
02220002
12110102
12110102
12212000
12212000
12212000
12212000
12212000
12110102
12212000
12110102
12212000
12110102
12110102
02110102
00022221
02110102
02110102
12212000
12212000
00222221
12212000
12212000
12212000
12212000
12212000
12212000
12110102
12212000
12212000
12212000
12212000
12212000
12212000
