12122120
12122120
21100211
02220101
21100211
02220101
21100211
02220101
01202212
02220101
22021000
11122202
02220101
11122202
11122202
11122202
11122202
11122202
11122202
10022101
10022101
12201110
12201110
12201110
01202212
01202212
01202212
01202212
11122202
11122202
11122202
11122202
11122202
11122202
11122202
11122202
11122202
11122202
11122202
11122202
11122202
11122202
11122202
11122202
11122202
20201201
11122202
12201110
11122202
12201110
12201110
12201110
12201110
12201110
12201110
12201110
12201110
12201110
20201201
