21020011
21020011
20111011
20111011
20111011
20111011
22012211
20121020
20121020
10201222
20121020
22012211
22012211
21101010
21101010
21101010
21101010
21101010
02212110
10201222
10201222
20111020
22012211
02212110
02212110
21101010
21101010
21101010
21101010
22101010
21101010
21001010
21001010
21101010
12202000
02212110
22012211
22012211
02212110
21001010
21001010
10201222
22010211
21101010
20111020
21101010
20111020
21001010
21001010
21001010
21001010
21001010
21001010
21001010
21001010
21001010
21101110
21001010
21001010
