20012210
20012210
10221220
22212101
01220201
12021212
10220210
12202101
12210221
10220210
01220201
10220210
01120201
12210221
21100211
20201201
20201201
01202212
02012101
02002101
01202212
10220210
10220210
10220210
02012101
12110102
01202212
20201201
12110102
20201201
12110102
10220210
10220210
12110102
10220210
01220201
11122202
01220201
00222221
00222221
01220201
20201201
01220201
20201201
20201201
12201110
12112000
12201110
12201110
12201110
12201110
12201110
12201110
12201110
12201110
12201110
20201201
12201110
12201110
