20202020
20202020
10101210
22001112
22001112
01011121
22001112
22012211
20122221
22001112
22012211
22012211
22012211
22012211
22012211
22012211
22012211
22012211
22012211
22012211
22012211
22012211
22012211
22012211
22012211
20111020
20111020
20111020
22012211
22012211
22012211
22012211
21101010
22012211
22012211
22012211
22012211
20111020
20111020
22012211
22012211
20111020
22012211
22012211
22012211
20111020
20111020
20111020
21101010
12202000
12002000
21101010
21101110
21101110
21101110
10201222
21001010
10201222
21001010
