11001012
11001012
11011201
21002021
10201222
10201222
11012022
12212000
11012022
12212000
10201222
10201222
10201222
21101010
10201222
12212000
22012211
10201222
10201222
10201222
21101010
21101010
22012211
22012211
10201222
21101010
21101010
21101010
21101010
21101010
21001010
21001010
21001010
21001010
02212110
02212110
21001010
10201222
02212110
21001010
02212110
22012211
22012211
22012211
22012211
22012211
22012211
00201222
20111020
20111020
20111020
00212112
00212112
12002000
00212112
21001010
21001010
21001010
21001010
