21001112
21001112
10200121
01110020
02000011
01101111
01101111
22220002
12110102
12110102
12110102
12110102
02220002
02220002
02220002
02220102
02220002
02220002
02220002
12212000
12110102
12110102
12110102
12110102
12212000
02220002
12110102
12110102
12212000
00222221
12110102
00222221
00222221
00222221
00222221
00222221
00222221
00222221
12212000
12212000
12212000
12212000
12212000
12212000
12212000
12212000
12212000
12212000
12212000
12212000
12212000
12212000
12212000
12212000
12212000
12212000
12112000
12212000
12112000
