21012121
21012121
00202200
20112000
22210002
22210002
11102021
11102021
11102021
11102021
11102021
11102021
11102021
11102021
11102021
10022101
10022101
10022101
10122101
10022101
10122101
10022101
10022101
10022101
10022101
10022101
10022101
20002220
20002220
20002220
10022101
10022101
10022101
10022101
10022101
10022101
10022101
10022101
10022101
10022101
10022101
10022101
22002220
22002220
22002220
10022101
10022101
10022101
12022101
10022101
10022100
10022100
10022100
10022100
10022100
10022100
10022100
22002220
22002220
