21222220
21222220
21021110
21202222
02220002
22102200
22220002
22102200
22102200
22102200
12201110
22102200
12210221
12110102
12210221
12110002
12110002
12110102
12110102
12110102
12110102
11110102
12110102
10220210
12110102
12110102
12110102
12110102
02220002
12212000
12212000
12212000
12212000
12212000
12212000
12212000
12212000
00222221
02110102
02110102
02110102
02110102
12212000
12212000
12212000
02110102
02110102
12212000
12212000
12212000
12212000
12212000
12212000
12212000
12212000
12112000
12212000
12212000
12212000
