22110220
22110220
20212210
10202002
20212210
20121020
11020202
00000121
11020202
21002012
11012022
10010222
11012022
12110102
10010222
10010222
11012022
11012022
10010222
02220002
02220002
02220002
12110102
02220002
12212000
12212000
12212000
12212000
12110102
12110102
12212000
12212000
12212000
12212000
12222000
12212000
12212000
12212000
12212000
12212000
12212000
12212000
12212000
12212000
12212000
12212000
12212000
12212000
02110102
12212000
12212000
12212000
12212000
12212000
12212000
12212000
12212000
12212000
12212000
