12201102
12201102
20012101
21022201
20002220
21022201
20002220
21022201
20002220
21022201
21022201
21022201
21022201
20002220
21022201
21022201
21022201
21022201
20002220
20002220
20002220
20002220
20002220
20002220
20002220
20002220
20002220
20002220
20002220
20002220
20002220
20002220
20002220
20002220
20002220
10201222
20002220
20002220
20002220
20002220
20002220
02212110
20002220
20002220
20002220
20002220
20002220
20002220
20002220
20002220
20002220
20002220
20002220
20002220
20002220
20002220
22012211
22012211
22012211
