10020020
10020020
01211220
20210021
21202221
22102200
02220002
02220002
02220002
10010222
10010222
10010222
10022020
10010222
10010222
10010222
10010222
10010222
10010222
12201110
10010222
12201110
00222221
12201110
11102021
11102021
11102021
11102021
11102021
12212000
21002221
12212000
21002220
11102021
12211000
12211000
21101010
21101010
21101010
21101010
21101010
21101010
21101010
21101010
22012211
20111020
12202000
10201222
22012211
10201222
10201222
22012211
22012211
21101110
21101110
22012211
11101010
21001010
21001010
