20001012
20001012
12022200
21120021
02220101
02012101
01202212
02012101
21010022
21100211
01202211
20201201
21100211
02012101
02012101
02012101
20201201
02012101
20201201
20201201
20021201
20221201
20221201
10220210
02012101
02012001
02012001
01220201
01220201
12110102
10220210
01220201
01220201
01220201
01220201
01220201
01220201
12201110
11122202
01220201
01220201
11001020
11122202
11122202
11000020
11000020
12111022
11000020
12111022
01000020
12111022
01000020
01000020
01000020
01000020
12201110
01000020
01000020
01000020
