01000222
01000222
12001110
20021001
01000020
01000020
01000020
00212002
01000020
01000020
01000020
01000020
01000020
00212002
00212002
01000020
00212002
01000020
00212002
00212002
20110000
01000020
21222121
21222121
01020020
01020020
01020020
01020020
11000020
01020020
11000020
01020020
01020020
01000020
01000020
01000220
01000220
11122202
11122202
11000020
21000020
11000020
11000020
01000020
01000020
01000020
11122202
11122202
01000020
11122202
11122202
01000020
11122202
11122202
11122202
10020100
11122202
11122202
11122200
