21222021
21222021
11221021
21020222
20021001
12201110
01000020
02201101
02201101
01000020
01000020
00212002
01000020
00212002
00212002
01000020
00212002
01000020
20110000
01000020
01000020
11000020
00212002
11000020
01020020
11000020
11000020
11000020
11000020
11122202
01000020
11122202
01020020
01020020
01020020
01020020
01020020
01000020
01000020
01000020
01000020
01000020
01000020
01000020
01000020
01000020
01000020
11122202
11122202
01000020
11122202
01000020
01000020
12201110
11122202
01000020
11122202
01000020
12201110
