12002112
12002112
02120211
01101210
00022012
02212110
12212000
12212000
02212110
22012211
10201222
10201222
21101010
10201222
22012211
22012211
21101010
21101010
21101010
22012211
21101010
21101010
21101010
22010211
10201222
02212110
02212110
21101010
22012211
21101010
21101010
22012211
10201222
20111020
22012211
21101010
22012211
20111020
10201222
20111020
20111020
20111020
20111020
20111020
20111020
21101010
21101010
21101010
10201222
22012211
21001010
10201222
10201222
21101110
21101110
22012211
11101010
11101010
11101010
