01220202
01220202
21022000
11022010
11022010
11022010
11022010
22001112
20122221
22001112
22012211
22012211
20122221
22012211
22001112
22012211
22012211
22012211
22012211
22012211
22012211
22012211
22012211
22012211
20111020
20111020
20111020
20111020
22012211
22012211
22012211
22012211
20111020
20111020
22012211
22012211
22012211
22012211
20111020
20111020
20111020
22012211
22012211
12202000
22012211
12202000
21101010
22012011
12202000
00212112
12202000
12202000
00212112
11101010
12202000
12202000
12202000
12202000
11101010
