11022010
11022010
21111001
00102112
01011001
21111001
01011001
01011001
20110000
01011001
01011001
22001112
01000020
01000020
01000020
22012211
22012211
22012211
22012211
21101010
22012211
22012211
20111020
22012211
02012211
21101010
22012211
22012211
22012211
22012211
22012211
22012211
22012211
22012211
21101010
22012211
22012211
22012211
20111010
20111020
12202000
12202000
20111020
20111020
00212112
20111020
20111020
00212112
00212112
21101010
12202000
21101010
00212112
11101010
10201222
10201222
10201222
21001010
12202000
