02021011
02021011
20111011
11212012
10201222
10201222
10201222
10201222
21101010
10201222
21101010
10201222
10201222
10201222
11012022
10201222
22012211
10201222
22012211
10201222
10202222
10201222
10201222
10201222
10201222
21101010
20111020
10201222
22012011
02212110
21001010
02212110
02212110
21001010
21001010
21001010
21001010
10201222
02212110
21001010
21001010
21001010
02212110
21101010
21001010
21101010
20111020
21001010
21101010
21101010
21101010
21101010
21001010
11101010
11101010
11101010
11101010
11101010
00212112
