21122210
21122210
02112210
11002122
10100102
12110102
10100102
11012022
20210021
11012022
11012022
12212000
12212000
01011020
12212000
21022201
12212000
11012022
21022201
02212110
21022201
02212111
02220002
12212000
12110102
02220002
12110102
02220002
02220002
12212000
11110102
12110102
12212000
12212000
22012211
22012211
12211000
12211000
22012211
21101010
21101010
21101010
21101010
21101010
21101010
00222221
12212000
12212000
12212000
12212000
12212000
12212000
12212000
12212000
12212000
12012000
12012000
12212000
12212000
