21211211
21211211
01202002
01202002
02100111
11122202
02100111
11122202
10120111
10120111
10022101
10022101
10022101
01100020
11122202
10022101
10022101
10022101
00212102
00212102
01000020
11122202
11122202
11122202
00212102
10022101
11122202
00212102
10022101
00212110
12201110
11122202
11000020
12201110
01202212
12201110
11000020
11122202
11122202
11122202
11122202
11000020
11000020
01000020
01220201
01220201
11122202
11122202
01000020
01000020
11122202
11122202
01020021
11122202
01000020
01000020
01000020
01000020
12201110
