11020122
11020122
21002012
21002012
21002012
11210210
11212001
21002012
11210210
11012022
11012022
12212000
11020202
10010222
11012022
12110102
00221001
02220002
02220002
02220002
02220002
02220002
02220002
12212000
12212000
02220002
22012211
22012211
22012211
22012211
02220002
12110102
12110102
12212000
22012211
12222000
12211000
22012211
12211000
12110102
12222000
12222000
12222000
12212000
00222221
00222221
12212000
12212000
12212000
12212000
12212000
12212000
12212000
12212000
12212000
12212000
12212000
12212000
12212000
