12001200
12001200
21111001
10112122
20110000
20110000
20110000
20110000
01011001
01011001
20110000
20110000
20110200
20110200
20110200
20110200
20110200
20110200
20110200
20110000
11102111
20110000
11102111
11102111
11102111
20111020
20111020
20111020
22012211
22012211
22012211
20111020
20111020
20111020
21101010
21101010
20111020
10201222
22012211
02212110
02212110
22012211
02212110
02212110
20111020
20111022
20111020
20111020
20111020
00212112
00212112
00212112
00212112
00212112
00212112
22012211
22012211
22012211
22012211
