21122111
21122111
01120022
12210022
01120022
12201110
12201110
12201110
12201110
12201110
12201110
12201110
12201110
12201110
12201110
12201110
12201110
12201110
12201110
00222221
12201110
12201110
12201110
00222221
12201110
12201110
00222221
12200110
12202110
12200110
12201110
12200110
12201110
12201110
12201110
12201110
12201110
12201110
12201110
12201110
12201110
12201110
12201110
12201110
12212000
11212000
12201110
11122202
11122202
12212000
12212000
12201110
12212000
12212000
12212000
12212000
10122202
10122202
10122202
