12212110
12212110
02100102
10120111
01100020
20222121
01100020
00010220
01000020
01000020
01000020
01000020
01000020
01000020
01020020
01000020
01000020
11122202
01000020
01000020
01000020
01000020
01000020
01000020
01000020
01000020
01000020
01000020
01000020
01000020
01000020
11000020
01000020
00212002
11122202
11122202
00212112
00212112
01000020
00212112
00212112
01000020
01000020
11122202
00212112
01000020
11122202
11122202
01000020
11122202
01000020
01000020
11122202
01000020
01000020
01000020
11122202
12201110
01000020
