22000111
22000111
01011001
11102021
02122102
11101211
01011001
21010022
10022101
10022101
01011001
11102111
21020222
11102111
01000020
10022201
11102111
00212002
00212002
00212002
00212002
00212002
00212002
00212002
00212002
00212002
00212002
00212002
00212210
01000020
11122202
11122202
00212002
00212002
01000020
00212002
00212002
00212112
00212112
00212112
00212112
00212112
00212112
00212112
01000020
01000020
00212112
22012211
22012211
22012211
01000020
10022100
01000020
01000020
22012211
01000020
01000020
11122202
01000020
