20010102
20010102
11210221
22211212
00222221
00222221
00222221
00222221
00222221
10010222
00222221
10010222
00222221
12201110
10010222
00222221
00222221
00222221
00222221
00222221
00222221
00222221
01222221
00222221
00222221
00222221
00222221
12201110
12201110
00222221
12201110
12201110
12201110
12201110
12201110
12201110
12201110
12201110
12201110
12201110
12212000
12212000
12212000
12201110
12212000
11212000
12201110
12201110
11212000
11212000
11212000
12201112
12212000
12212000
10110102
11122202
11122202
11122202
11122202
