02211110
02211110
02100111
20021001
01000020
01000020
01000020
01000020
02201101
01000020
01000020
00212002
00212002
00212002
00212002
00212002
01000020
00212002
00212002
20110000
01000020
01000020
01000020
11000020
11000020
11122202
11000020
11000020
11000020
11000020
11122202
11122202
11122202
01020020
11122202
01000020
00212112
00212112
01000020
01000020
11122202
00212112
11122202
01000020
01000020
11122202
01000020
11122202
01000020
01000020
11122202
01000020
11122202
11122202
01000020
01000020
01000020
01000020
01000020
