10021020
10021020
11112022
20212011
11212012
10211201
01211012
01211012
01211012
10201222
22001112
10211201
10201122
02212110
10201222
21022201
20002220
21022201
22001112
10201222
21022201
20002220
20002220
20002220
20002220
20002220
20002220
20002220
20002220
20002220
20002220
20002220
21101010
10201222
20002220
20002220
10201222
20002220
20002220
20002220
20002220
02212110
20002220
20002220
20002220
20002220
20002220
21000010
12211000
20002220
20002220
20002220
20002220
20002120
20002220
20002220
22012211
22012211
22012211
