11121122
11121122
00202012
10110110
01100020
20222121
01100020
02201101
01000020
01000020
01000220
01000020
01000020
01000020
11122202
01000020
21100211
11122202
21100211
11122202
11122201
11122202
11122202
11122202
11122202
01000020
01000020
11000020
01000020
11000020
01000020
01000020
01000020
01000020
01000020
01000020
01000020
01000020
01000020
01000020
11000020
02000020
11122202
10022100
01000020
01000020
11122202
12111022
12111022
01000020
11122202
22201201
12201110
11122202
11122202
11122202
10020100
10020100
11122200
