12021102
12021102
20202212
00202121
00202121
01000020
01000020
01000020
01000020
02000020
01000020
01000020
01011001
01000020
00212002
00212002
01000020
20202121
01000020
11102111
01000020
00212102
00212112
00212112
01000020
11102111
01000020
11122202
01000020
00212112
10022100
11122202
11122202
11122202
00212112
00212112
11122202
11122202
11122202
01000020
10022100
01000020
01000020
01000020
01000020
01000020
01000020
01000020
10022100
10020100
10020100
10020100
10020100
10020100
10000100
10020100
11122202
11122202
10020100
