20020101
20020101
00202012
01100020
10120111
10120111
10120111
10120111
11122202
11122202
01000220
01000220
11122202
11122202
01000020
21100211
21100211
11122202
11122202
11122202
20110000
11122202
11122202
11122202
01000020
01000020
01000020
01000020
01000020
01000020
01000020
01000020
01000020
01000020
11102202
01000220
11122202
11122202
11000020
01000020
01000020
11000020
11000020
01000020
01020021
01000020
01000020
01000020
11122202
01000020
11122202
01000020
01000020
12201110
11122202
11122202
11122202
12201110
11122202
