21021021
21021021
01012121
12222211
20201201
10222011
10222011
10222011
00111120
10220200
10220200
10220210
10220210
12210221
10220210
10220210
10220210
10220210
10220210
10220210
10220210
12110102
10220210
12110102
10220210
10220210
10220210
12110102
01202212
01220201
01220201
01220201
10220210
20201201
01220201
11122202
20201201
11122202
11122202
11122202
11122202
12201010
12201110
11122202
12201110
12201110
12201110
11122202
11122202
11122202
11122202
11122202
11122202
11122202
11122202
11122202
11122202
11122202
11122202
