01200120
01200120
20111011
22220222
12212000
22001112
22001112
20121020
22001112
20121020
22001112
20121020
01101210
02212110
10201222
10211201
10201222
10201222
20111020
20111020
22012211
10201222
21022201
20002220
22012211
20002220
20002220
20002220
20002220
10201222
10201222
10201222
10201222
22012211
22012211
10201222
22012211
22012211
22012211
22012211
22012211
22012211
22012211
22012211
22012211
20111020
20111020
20111020
20111020
00212112
00212112
10022100
10022100
10022100
10022100
10022100
10022100
10022100
10022100
