00010210
00010210
01011010
01211012
10211201
01211012
01211012
01211012
10211201
10211201
10211201
10211201
10201222
10201122
10201222
10211201
10201222
10201222
10201222
20122221
20122221
21022201
20002220
20002220
22012211
20002220
20002220
20002220
20002220
20002220
10201222
10201222
12201222
10201222
10201222
10201222
22012211
10201222
22012211
22012211
22012211
22012211
22012211
02212110
02212110
02212110
02212110
02212110
02212110
02212110
22012211
22012211
22012211
22012211
20002220
22012211
22012211
22012211
22012211
