12002202
12002202
00202012
00221001
12010221
01000020
01000020
01000020
11122202
11122202
11122202
11122202
11122202
21100211
21100211
00212002
00212002
20202121
01000020
11102111
00212102
00212102
00212102
00212102
00212110
00212122
00212112
00212112
00212112
11000020
11000020
01000020
11122202
11000020
11000020
11122202
11122202
11122202
11122202
11122202
11000020
11000020
11122202
11122202
01000020
01000020
11122202
11122202
12201110
12201110
01020021
12201110
11122202
02000020
01000020
01000020
01000020
01000020
11122202
