02120220
02120220
10222011
21000001
00112101
10222011
00112101
10202011
00111120
00111120
10222011
20201201
20201201
20201201
02012101
20201201
20221201
20221201
20201201
02012101
01202212
02012101
01202212
20021201
20021201
12110102
02012001
01220201
01220201
12110102
01202212
01202212
01220201
01220201
01220201
12201110
12201110
01220201
12201110
11122202
11122202
01220201
11000020
11000020
01000020
01000020
01000020
01000020
01000020
01000020
01000020
11122202
11122202
11122202
11122202
01000020
11122202
11122202
01000020
