20100022
20100022
21000021
00010200
01222102
01202212
01202212
11122202
11122202
11122202
11122202
11122202
21100211
21100211
21100211
21100211
21100211
21100211
21100211
01200020
01200020
11122202
11122202
11122202
11122202
01000020
01000020
01000020
01000020
01000020
11000020
01000020
11000020
11000020
01000020
01000020
11122202
11122202
01000020
01000020
01000020
01000020
01000010
01000020
01000020
01000020
01000020
11122202
11122202
11122202
01000020
11122202
12201110
11122202
01000020
11122200
01000020
01000020
01000020
