11001020
11001020
10122211
12021212
12021212
10220210
12202101
12202101
10220210
10220210
10220210
12202101
12210221
10220202
12210221
10220210
10220210
10220210
10220210
10220210
10220210
10220210
10220210
10220210
10220210
10220210
10220210
10220210
10220210
20201201
10220210
10220210
11122202
01220201
01220201
01220201
00222221
20201201
11122202
00222221
00222221
12201110
11122202
11122202
11122202
11122202
21122202
12201110
20201201
11122202
20201201
11122202
22201201
22201201
22201201
11122222
11122202
11122202
22201201
