22002112
22002112
11102111
01121121
11022010
10221200
11102111
11102111
11102111
11102111
00212002
00212002
20222121
01011001
11102111
11102111
11102111
11102111
01200020
01000020
01000020
01000020
01000020
11000020
11122202
11000020
11000020
11000020
01020022
11122202
11122202
01000020
11122202
11000020
11000020
11122202
11122202
11120202
11122202
11122202
11122202
11122202
11000020
11000020
11000020
01000020
01000020
12201110
12201110
11122202
12201110
12201110
11122202
11121202
11122202
20201201
12201110
11122202
11122202
