00211010
00211010
21020222
01000020
01000020
01000020
01000020
01000020
01000020
01000020
00212002
00202002
00212002
00212002
00212002
00212002
01000020
01000020
01200020
01000020
01000020
01000020
01000020
01000020
01000020
00212112
11000020
11000020
01000020
11122202
01000020
11122202
11122202
11122202
11122202
11122202
11122202
11122202
11122202
11122202
11122202
01000020
01000020
01000020
01000020
10022100
11122202
10022100
01000020
10020100
10020100
01000020
10020100
10020100
10000100
10020100
01000020
10020100
10020100
