22202121
22202121
01221100
20221021
00000121
01212022
01212022
01212022
12212000
01212022
12212000
01212002
12110102
02220002
12212000
12212000
12212000
12212000
12212000
11012022
12212000
12212000
02220002
02220002
12212000
02220002
12212000
12212000
12212000
12212000
12212000
12212000
12212000
12110102
12110102
11110102
12110102
12110102
22012211
12222000
12222000
12222000
22012211
12212000
12212000
00222221
12212000
12212000
12212000
12212000
12212000
12212000
12212000
12212000
12212000
12212000
12212000
12212000
12212000
