00100120
00100120
10021120
21220101
11210120
00222221
01020000
11212202
00222221
00222221
00222221
20222112
00222221
00222221
00222221
20222112
12201112
12201110
12201110
00222221
00222221
00222221
00222221
11201110
00222221
00222221
00222221
00222221
00222221
00222221
20222221
00222221
12201110
12201110
12201110
12201110
12201110
12201110
12201110
12201110
12201110
12201110
12201110
12201110
12201110
12201110
12212000
12212000
12212000
12212000
12212200
11212000
12212200
12212200
12201112
12201112
12201112
12201112
12201112
