02021012
02021012
22211111
01212022
12212000
01212022
11012022
11012022
11012022
12110102
11210210
12110102
21002012
21002012
12110102
12110102
12110102
12110102
12110102
12212000
12212000
02220002
12212000
12212000
02220002
02220002
12212000
12110102
22012211
11102021
12212000
12212000
12212000
12212000
12212000
12212000
12212000
12212000
12212000
12211000
12211000
12211000
12110102
12110102
12110102
12110102
12110102
12110102
12110102
12110102
12110102
10110102
12110102
12110102
10110102
12110102
12110102
12110102
12110102
