10110022
10110022
00111220
00100010
11012022
11012022
11012022
11012022
10201222
11012022
12212000
10201222
10201222
10201222
10201222
10201222
11012022
21101010
22012211
22012211
10201222
10201222
10201222
10201222
10201222
02212110
10201222
20111020
02212110
02212110
02212110
21101010
10201222
02212110
10201222
21001010
21001010
21001010
02212110
21001010
21101010
21101010
21001010
21001010
12202000
21001010
10201222
10201222
21001010
22012211
21001010
21001010
21001010
21001010
21001010
21001010
00212112
00212112
11101010
