12000100
12000100
11200022
11022000
11022000
11022000
11022000
00111120
11022000
00111120
12202101
11022000
00111120
00111122
00111120
11122202
00112120
00111120
11122202
01000020
01000020
11122202
20221201
20021201
20021201
20201201
11122202
01202212
10220210
10220210
01220201
01220201
01220201
01220201
01220201
01220201
01220201
01220201
01220201
01220201
01220201
11122202
20201201
20201201
20201201
12201110
00222221
20201201
20201201
11122202
20201201
11122202
11122202
11122202
11122202
11122202
12201110
11122202
11122202
