21000120
21000120
00222221
22211212
00222221
11210120
12201110
11210120
00222221
00222221
22102200
00222221
00222221
12210221
12201110
10010222
00222221
00222221
00222221
00222221
00222221
00222221
00222221
00222221
00222221
00222221
12201110
00222221
12201110
00222221
12200110
12201110
12200110
00222221
00222221
00222221
00222221
12212000
00222221
12212000
12212000
12212000
12212000
12212000
12212000
12222000
12212000
12212000
12110102
11212000
12110102
12201112
12212000
12201110
12112000
12112000
12112000
12212000
12212000
