02200202
02200202
02012101
20121101
00122012
02012101
21012212
11022000
10222011
00111120
02012101
02012101
02012101
02012101
02012101
20221201
02012101
00111120
10220210
10220210
20201201
02002101
20221201
20201201
20201201
01202212
20201201
20201201
20201201
20201201
20201201
12200110
12200110
20201201
10220210
12201110
12201110
00222221
12201110
12201110
12212000
12212000
12212000
12212000
12212000
12212000
12212000
02110102
02110122
00222221
12212000
12212000
12212000
12212000
12212000
12212000
12212000
12110102
12110102
