02002012
02002012
00212022
02010001
02220002
20210021
21002012
01212022
12212000
10022020
12212000
11012022
12212000
12212000
12212000
12212000
12212000
02220002
12110102
02220002
12212000
12212000
12212000
12110102
12212000
12110102
12212000
12110102
00222221
00222221
12110102
00222221
00222221
00222221
00222221
12110102
12110102
11110102
12212000
12212000
12110102
12212000
12212000
12110002
12212000
12110102
12110102
12212000
12212000
12212000
12212000
12212000
11212000
12212000
12212000
12212000
12212000
12212000
12212000
