21201112
21201112
12212000
02112210
20112112
00022012
12212000
12212000
20121020
22012211
21101010
21101010
11012022
11012022
21101010
21101010
21101010
22012211
21101010
10201222
21101010
10201222
10201222
10201222
10201222
10201222
20111020
21001010
02212110
10201222
21101010
22012211
02212110
02212110
21001010
21001010
21101010
02212110
02212110
20111020
20111020
02212110
21001010
21001010
02212110
02212110
21001010
21001010
21001010
02212110
21001010
21101010
21001010
21001010
01212110
21001010
21101110
21001010
21101010
