20010222
20010222
01111101
01201021
11102211
01100020
01100020
01112110
20222121
20111201
11102111
20222121
21222121
00212002
01000020
01000020
01200020
20222121
21222121
21222121
21222121
01000020
01000020
01000020
11102111
01020020
11122202
11122202
11122202
11122202
11122202
11122202
00212002
01020020
01000020
11122202
01000020
01000020
11122202
01000020
00212112
00212112
11122202
01000020
11122202
01000020
11122202
00000020
11122202
01000020
01000020
01000020
11122202
01000020
11122202
01000020
22012211
01000020
10020100
