02101001
02101001
12021212
20021110
11101201
12202101
10220210
12202101
10220210
10220210
01220201
10220210
01220201
12210221
12210221
00112101
01220201
11022000
01220201
02002101
12200221
01220201
20221201
20201201
20201201
20201201
01202212
01202212
20201201
01202212
20201201
20201201
10220210
01220201
01220201
20201201
20201201
11122202
20201201
20201201
01220201
20201201
20201201
20201201
20201201
12201110
11122202
11122202
12201110
12201110
12201110
12200110
20201001
12201120
12201110
20201201
20201201
20201201
12201110
