00021211
00021211
12201110
12210221
12210221
12210221
12210221
12210221
21002010
10220211
12210221
12210221
12210221
10220210
00112101
10220210
01020221
10220211
01220201
02012101
02012101
10220210
10220210
02012101
01220201
12110102
01202212
10220210
10220210
01220201
10220210
10220210
20201201
20201201
01220201
10220210
20201201
20201201
01220201
20201201
11122202
20201201
20201201
00222221
00222221
00222221
20201201
12201110
20201201
20201201
12201110
12201110
12201110
12201110
12201110
12201110
12201110
12201110
12201110
