01012122
01012122
10000202
20121101
01112122
02012101
02012101
11022000
00111120
20201201
20201201
20201201
21100211
02012101
02012101
02012101
11022000
20201201
20221201
20221201
20221201
20221201
21110211
20021201
20221201
11122202
01202212
01202212
10220210
10220210
10220210
01220201
01220201
01220201
01220201
01220201
11122202
11122202
11122202
00201201
00201201
20201201
11122202
12201110
11122202
12201110
11122202
01220201
12201110
20201201
11122202
12201110
11122202
12201110
12201110
12201110
20201201
12201110
10122202
