11222121
11222121
20021001
21020222
01000020
01000020
01000020
00212002
02201101
01000020
01000020
00212002
00212002
00212002
00212002
01000020
00212002
00212002
01200020
11102111
00212102
00212112
00212102
00212110
00212112
00212102
00212110
00212112
11000020
11122202
11122202
11122202
11000020
11000020
21122202
11000020
11122202
11122202
11000020
11000020
01000020
01000020
01000020
01000020
01000020
01000020
11122202
11122202
11122202
11122202
11122202
01000020
01000020
10122202
12201110
01000020
01000020
01000020
01000020
