11222000
11222000
20111121
11022000
12020010
12020010
10222011
00111120
20201201
20201201
10222011
20201201
20201201
02012101
01202212
01020221
01202212
20201201
02012101
02012101
10220210
10220210
10220210
02012101
12110102
20021201
01202212
01220201
01202212
01220201
10220210
10220210
01202212
10220210
10220210
10220210
20201201
20201201
12201110
12201110
12201110
12201110
12212000
12212000
20201201
12201110
11122202
11122202
11020020
12201110
20201201
11122202
11122202
20201201
20201201
20201201
11122202
11122202
20201201
