10021121
10021121
10010222
10010222
10010222
10010222
10010222
10010222
00222221
10010222
10010222
00222221
10010222
10010222
12201110
10010222
00222221
00222221
00222221
00222221
12201110
00222201
00222221
00222221
00222221
00222221
00222221
00222222
20002220
00222221
12212000
20002220
20002220
11110102
12201110
12212000
12212000
12212000
12212000
12212000
12212200
12212000
12212000
12212000
12212000
11212000
12211000
12110102
12110102
12110102
12110102
12110102
12110102
12110102
10110102
10110102
10110102
22002220
12110102
