02111221
02111221
10001202
10010222
10010222
11210120
22102200
22102200
22102200
22102200
00010222
00222221
10010222
10010222
10010222
10010222
10010222
10220210
10220210
10220210
12110102
10220210
02220002
12110102
12110102
12110102
12110102
12222000
12212000
02220002
12212000
12212000
12212000
12212000
12222000
00222221
12222000
12110102
00222221
02110102
02110102
12212000
02110102
12212000
12212000
12212000
12212000
12212000
12212000
12212000
12212000
12212000
12212000
12212000
12212000
12212000
12212000
10110102
10110102
