11202100
11202100
20200111
02220002
02220002
02220002
02220002
21002012
02220002
02220002
02220002
12110102
12110102
12110102
12110102
12110102
02220002
12212000
02200002
02220002
12212000
02220002
12212000
00222221
00222221
00222221
00222221
00202221
12212000
12212000
12212000
12212000
11110102
12211000
12211000
12212000
12212000
12212000
12212000
12212000
12212000
12212000
12110102
12110102
12110102
12211000
12110102
12110102
10110102
10110102
12110102
12110102
12110102
12110102
12110102
12110102
12110102
12110102
22002220
