22110212
22110212
12211011
10102210
02012101
02012101
02012101
12021212
12021212
20201201
21010022
01202212
20201201
20201201
02012101
20201201
02012101
02012101
01202212
20221201
20201201
01220201
01220201
01220201
12210221
01220201
01220201
10220210
01220201
01220201
10220210
10220210
10220210
01220201
10220210
10220210
10220210
20201201
20201201
20201201
01220201
20201201
20201201
20201201
20201201
20201201
12201110
12201110
12112000
12201110
12201110
12201110
12201110
12201110
12201110
12201110
12201110
12201110
20201201
