02111111
02111111
02001011
02210201
22001112
22001112
22001112
22012211
20122221
22012211
22012211
22012211
22012211
22012211
21101010
20111020
20122221
20111020
20111020
20111020
20111020
20111020
20111020
20111020
20111020
22012211
20111020
20111020
22012211
22012211
20111020
20111020
20111020
20111020
21101010
22012211
22012211
20111020
20111020
20111020
20111020
20111020
20111020
22012211
22012211
12202000
21101010
20111020
12202000
21101010
12202000
11101010
10201222
00212112
12202000
12202000
00212112
12202000
11101010
