02200011
02200011
22220001
00102112
01011001
01011001
01011001
01011001
01011001
00212002
01011001
01011001
22012211
22012211
22012211
21101010
21101010
22012211
22012211
22012211
22012212
22012211
22012211
22012211
22012211
21101010
20111020
22012211
22012211
22012211
22012211
20111020
20111020
20111020
21101010
20111020
20111020
20111010
20111020
20111010
12202000
12202000
20111020
20111020
20111020
20111020
21101010
22012211
20111020
12002000
10201222
11101010
12202000
12202000
12202000
12202000
00212112
11111010
01000020
