02111102
02111102
12102012
12201110
12201110
12201110
12201110
12201110
12201110
12201110
12201110
12201110
12210221
12201110
12210221
12210221
10010222
00222221
00222221
10220210
10220210
10220210
00222221
00222221
00222221
00222221
00222221
00222221
00222221
00222221
00222221
00222221
00222221
00222221
00222221
10220210
00222221
20201201
20201201
20201201
11122202
20201201
20201201
11122202
20201201
12201110
12201110
01000020
11122202
11122202
11122202
20201201
11112202
11112202
11122202
12201110
12201110
22201201
22201201
