02002111
02002111
01212022
01110020
02121012
11020202
21002012
11020202
02220002
12110102
12212000
12212000
12212000
12212000
12212000
12212000
12212000
12212000
12212000
12212000
11012022
12212000
12212000
12212000
12212000
12212000
12212000
12212000
12212000
12212000
12212000
12212000
10212000
12110102
12110102
12110102
12110102
12110102
12110102
12110102
12110102
02110102
02110102
12212000
02110102
02110102
02110102
12110102
12212000
12212000
12212000
12212000
12212000
12212000
12212000
12212020
12212000
12212000
12112000
