02020102
02020102
10100010
22002102
20110000
20110000
20110000
20110000
20110000
20110000
10201122
10211201
10201222
20110000
10211201
10201222
10201222
20011020
20111020
20111020
20111020
20111020
20111020
20111020
20111020
20111020
20111020
00212002
11000020
20121020
11122202
22012211
21101010
22012211
21101010
20111020
22012211
20111020
10201222
20111020
20111020
22012211
20111020
22012211
21001010
10201222
22112211
21101010
22012211
22012211
12002000
20111020
12202000
12202000
12202000
11101010
12202000
21001010
11101010
