21001111
21001111
02120211
12120220
02212102
00022012
01101210
12212000
22012211
20121020
00022012
22001112
22012211
22012211
21101010
21101010
21101010
22012211
22012211
21101010
22012211
10201222
20111020
20002220
20002220
20002220
20002220
20002220
21101010
10201222
10201222
10201222
10201222
10201222
22010211
10201222
10201222
10201222
22012211
02212110
02212110
02212110
02212110
02212110
02212110
02212110
22012211
02212110
02212110
22012211
22012211
22012211
22012211
22012211
22012211
22012211
20002220
22012211
20002220
