10020112
10020112
02121121
01120022
12022212
12012212
12012212
12201110
20222112
20222112
12201110
20222112
12201110
12201110
12201110
12201110
12201110
12201110
12201110
12201110
12201110
12201110
12201110
12201110
12201110
12201110
12201110
12201110
12201110
12201110
12201110
12201110
12201110
12201110
12201110
12201110
12201110
12201110
12201110
12201110
12201110
12201110
12201110
12201110
12200110
12201110
11122202
12201110
11122202
12201110
12201110
12201110
22201201
12201110
12201110
12201110
12201110
11122202
10022100
