20212112
20212112
21022000
11022010
11022010
10221200
11102111
20111020
22001112
20122221
20122221
22001112
21101010
21101010
01101210
22012211
20111020
20111020
20111020
20111020
20111020
20111020
20111020
20111020
20111020
20121020
20111020
20111020
20111020
20111020
20111120
20111020
20111020
20111020
20111120
20111120
22111020
22012211
22111020
22111022
11122202
01000020
11122202
01000020
01000020
01000020
01000020
01000020
01000020
00212112
01000020
11122202
11112202
11122202
01000020
01000020
01000020
01000020
01000020
