01010010
01010010
00002121
20221021
20221021
20221021
12212000
01212022
12212000
01212022
02220002
12110102
02220002
02220002
12212000
12212000
12212000
12212000
12212000
12212000
12212000
12212000
02120002
12212000
02220002
02220002
02220002
12212000
11110102
11110102
12212000
12212000
12110102
12212000
12212000
11110102
12212000
12212000
12110102
00222221
12110102
02110102
00222221
12212000
00222221
12212000
12212000
12212000
12212010
12212000
12212000
12212000
12212000
12212000
12212000
12201110
12212000
12212000
12112000
