22002220
22002220
01120022
21120120
01120022
01120022
00222221
12201110
12201110
12201110
12201110
12201110
12201110
12202110
12201110
00222221
12201110
12201110
12201110
12201110
00222221
12201110
12201110
12201110
12201110
12201110
12201110
12200110
12201110
12201110
12201110
12201110
12201110
12201110
12201110
12201110
12201110
12201110
12201110
12201110
12201110
12201110
12201110
12201110
12212000
12201110
11122202
11122202
11122202
11122202
11122202
11122201
11122202
11122202
11122202
11122202
11122202
11122202
11122202
