11101212
11101212
11201220
22210022
22210022
22212101
22212101
21010022
12201110
20201201
00111120
00111122
00111120
00111122
11022000
00111120
00111120
00111120
12201110
12201110
12211110
12201110
12201110
12201110
01202212
01202212
01202212
11122202
11122202
11122202
11122202
11122202
11122202
11122202
11122202
11122202
11122202
11122202
11122202
11121202
11122202
00222221
01220201
00222221
00222221
00222221
00222221
00222221
12201110
00222221
11122202
11122202
11122202
11122202
11122202
11122202
11122202
11122202
11122202
