22221110
22221110
10010222
10010222
10010222
10010222
10010222
22101111
10022020
10010222
00222221
10010222
10010222
10010222
00222221
11102021
11102021
11212202
11102021
11102021
11102021
11102021
11102021
00222221
11102021
20002220
20002220
20002220
20002220
20002220
20002220
20002220
20002220
20002220
10022101
21002220
12201110
12201110
20002220
12212000
20002220
20002220
22002220
22002220
12201110
02212110
20002220
20002220
20002220
20002220
20002220
12110102
20002220
12110102
20002220
12110102
12110102
22002220
12110102
