01211010
01211010
21121100
20221102
22101111
20221102
22101111
11212202
22101111
11212202
22101111
11212202
11212202
11212202
21022201
11212202
21022201
11212202
21022201
11102021
11102021
12102021
11102021
11102021
11102021
20002220
20002220
20002220
20002220
21002220
11102021
11102021
21002220
12211000
20002220
20002220
12211000
12211000
12211000
12211000
12211000
12211000
12211000
12211000
12211000
12211000
12211000
21000010
12211000
12211000
20002220
20002222
20002220
12211000
12110102
21101010
20002220
10201222
10201222
