00001102
00001102
01221100
10022020
10022020
20221021
10022020
10022020
10022020
10022020
12212000
12212000
12212000
12212000
12212000
12212000
12212000
22001112
02212110
02212110
02212110
02212110
02212110
02212100
22012211
22012211
22012211
22012211
22012211
22012211
22012211
12212000
12212000
22012211
12212000
12222000
12222000
22012211
12222000
12222000
12110102
12222000
12222000
12212000
12212000
12202000
12212000
12212000
12212000
12212000
12212000
12212000
12212000
12212000
12012000
12012000
12212000
12212000
12212000
