02200201
02200201
00221101
22201100
12201110
21002012
12021212
00112101
00112101
00112101
00112101
00112101
21002010
12210221
10220210
02012101
01220201
12210221
00111120
02012101
10220210
02012101
02012001
10220210
10220210
01202212
01202212
01202212
20201201
20201201
01220201
20201201
10220210
20201201
11122202
11122201
11122202
11122202
20201201
11122202
11122202
12201110
20201201
11122202
12201110
12201110
12201110
12201110
11122202
11122202
11122202
20201201
12201120
20201201
11122202
20201201
11122202
11122202
20201201
