02122210
02122210
10100102
22111012
02010001
01011020
21202222
11020202
01212022
01212022
12110102
12110102
02220002
02220002
02220002
12212000
02220002
12212000
12212000
12212000
12212000
02220002
02220002
12212000
02220002
02220002
02220002
02212110
12212000
12212000
22012211
12212000
02220002
22012211
12211000
12211000
22012211
12211000
22012211
21101010
21101010
21101010
21101010
21101010
21101010
21101010
21101010
12222000
02110102
12212000
12212000
12212000
12212000
12212000
12212000
12212000
12212000
12110102
12110102
