01122112
01122112
02220002
00221001
02220202
00211001
12110102
21002012
02220002
02220002
02220002
12110102
12110102
12110102
12110102
12110102
12212000
12110102
12110102
02220002
11110102
12212000
12212000
12212000
12212000
12212000
12211000
12212000
12212000
12110102
00222221
00222221
00222221
00222221
00222221
00222221
12212000
00222221
12212000
12212000
12212000
02110102
02110102
02110102
02110102
12212000
02110102
12212000
12212000
12212000
12212000
12212000
12212000
12212000
12212000
12212000
12212000
12212000
12212000
