11202101
11202101
10022222
10022222
20012101
11212202
11212202
22210002
11212202
11212202
11102021
11102021
11102021
20002220
21022201
20002222
21022201
20002220
21022201
11102021
11102021
20002220
20002220
20002220
20002220
20002220
20002220
20002220
20002220
20002220
10022101
20002220
20002220
20002220
20002220
20002020
20002220
20002220
20002220
20002220
22002220
22002220
22002220
22002220
22002220
10022101
22002220
22002220
20002220
20002220
20002220
20002220
20002220
20002220
20002220
22002220
22002220
22002220
22002220
