11011210
11011210
11102021
22002102
22002102
00010101
11102021
20110000
20110000
11102021
20110000
20110000
11102021
10022101
10022101
10022101
10022101
10022101
10022101
10022101
10122101
10022101
10122101
10022101
10022101
10022101
10022101
10022101
10022101
10022101
10022101
22012211
10022101
22011211
22012211
22012211
22012211
00212002
00212002
00212112
00212112
22012211
00212112
00212112
00212112
01000020
00212112
22012211
22012211
22012211
22012211
22012211
22012211
22012211
22012211
22012211
22012211
22012211
22012211
