00210100
00210100
00000121
20221021
12212000
12212000
01212022
01212022
01212022
12212000
12212000
01212022
01212022
12110102
02220002
00221001
00221001
02220002
02220002
02220002
02220002
02220002
02220002
12212000
12212000
02220002
02220002
22012211
22012211
22012211
22012211
11110102
12212000
12212000
12212000
12212000
12212000
12212000
12212000
12212000
12110102
12212000
12211000
12110102
12110102
12211000
12110102
12110102
12110102
12110102
12110102
12110102
20002220
12110102
12110102
21101010
10201222
10201222
10201222
