10102021
10102021
00100020
21211021
20201201
01112122
10222011
02012101
12202101
12202100
12202101
22102012
02012101
10220211
00111120
10220211
02012101
01202212
01202212
01202212
01202212
01202212
01202212
01202212
01202212
01202212
01202212
01202212
20201201
20201201
20201201
12200110
20201201
12201110
10220210
12201110
20201201
12201110
12201110
12201110
12212000
12212000
12212000
12212000
12112000
12201110
12201110
12112000
12201110
12112000
12201110
12201110
12201110
12201110
12201110
12201110
12201110
12201110
12201110
