00100001
00100001
00000121
20221021
12212000
12212000
01212022
01212022
01212022
12212000
12212000
11012022
01212022
02220002
01011020
12212000
12212000
12212000
01212002
12212000
12212000
02220002
12212000
02120002
02220002
02220002
02220002
12212000
02220002
12212000
11110102
12212000
12212000
12211000
12211000
12211000
12211000
21101010
12211000
21101010
12211000
21101010
21101010
21101010
21101010
21101010
12212000
12212000
12212000
12212000
12212000
12212000
12212000
12212000
12212000
12212000
12212000
12212000
12212000
