22210100
22210100
11102021
11102021
22021000
22021000
11102021
11102021
22021000
10022101
11102021
11102021
11102021
10022101
10022101
10022101
10022101
10022101
10022101
10022101
10022101
10022101
10022101
10022101
10022101
10022100
10022100
10022101
10022101
10022100
10022100
10022100
10022101
10022100
10022100
10022101
10022100
10022101
10022100
10022100
10022100
10022100
10022101
10022100
10022100
10022100
11022100
10022101
10022100
10022100
10022100
10022100
10022100
10022100
10022100
10022100
10022100
10022100
10022100
