01222212
01222212
21022000
11022010
11022010
10221200
11102111
10221200
20111020
22001112
22001112
22012211
20121020
22012211
20121020
20121020
21101010
21101010
02212110
22012211
10201222
20111020
20121020
20111020
02212110
20002220
20002220
20002220
21101010
21101010
21101010
21101010
21101010
21101010
21101010
21101010
21001010
02212110
20111020
21001010
20111020
20111020
20111020
02212110
02212110
02212110
21001010
21001010
21101010
21001010
21101010
21001010
21101010
21001010
01212110
21101110
21001010
21001010
00212112
