01102101
01102101
22021110
22021110
12201110
12201110
12021212
12202101
12202101
10220200
20021110
02012101
11022000
00111120
02012101
01202212
00111120
02012101
20201201
20221201
11122202
20221201
01202212
20021201
01202212
11122202
01202212
01202212
01202212
10220210
12210221
10220210
10220210
10220210
20201201
20201201
20201201
12201110
12201110
20201201
12201110
20201201
11122202
11122202
11122202
11122202
11122202
11122202
11122202
11122202
11122202
22201201
11122202
11122202
11122202
22201201
22201201
11122202
22201201
