01100102
01100102
11001122
11210220
20222112
20222112
20222112
20222112
20222112
20222112
20222112
22021000
10022101
10022101
10022101
10022101
10022101
10022101
10022101
12201110
10022101
10022101
10022101
12201110
10222101
10022101
12201110
11201110
01202212
12201110
12201110
12201110
12201110
12201110
12201110
12201110
12201110
01202212
12201110
12201110
12201110
12201110
12200110
12201110
12201110
11122202
11122202
12201110
12201110
12201110
12201110
12201110
12201111
12201110
12201110
10020100
10020100
10020100
10020100
