01100002
01100002
10100102
02010001
20202102
01101111
02220002
02220002
12110102
12110102
12201110
22102200
12110102
12110102
12110102
12110002
12110102
11110102
11110102
12110102
12110102
02220002
12212000
12212000
12212000
12212000
12212000
12212000
12212000
12212000
12212000
12212000
12212000
12212000
12212000
12212000
12212000
22212000
12212000
12110102
12110102
12210000
12212000
12110102
12110102
12110102
12110102
12110102
12110102
12212000
12201112
12212000
12201110
12212000
12212000
12212000
12212000
10122202
12212000
