00200121
00200121
20111011
20111011
12212000
22001112
22001112
22001112
11102111
20121020
20121020
02212110
02212110
02212110
20121020
20121020
02212110
20002220
02212110
21022201
00002220
02212110
02212110
22012211
02212110
02212110
02212110
02212110
12212000
12202000
12212000
12202000
02212110
02212110
21001010
21001010
02212110
02212110
02212110
21001010
21101010
10201222
21101010
21101010
21101010
21101010
21101010
21001010
02212110
21001010
21101010
21101010
21001010
21101110
00212112
12202000
22012211
11101010
00212112
