11100012
11100012
20102022
21001022
11022010
20122221
11022010
22001112
22001112
22001112
22012211
22012211
22012211
20122221
22012211
01101210
21101010
21101010
21101010
22012211
10201222
10201222
22012211
22012211
20111020
20111020
22012211
22012211
22012211
22012211
22012211
20111020
20111020
20111020
22012211
22012211
22012211
20111020
20111020
22111020
20111020
12202000
22012211
22012211
22012211
22012211
22112211
12002000
12002000
22012211
12002000
20111020
12202000
12202000
11101010
21001010
00212112
12202000
11101010
