22120222
22120222
22021110
12201110
21002012
12201110
12210221
12210221
21002010
21002012
12210221
12202101
22210221
10220211
12202101
02012101
00111120
20201001
10220211
01202212
12210221
01202212
01202212
01202212
01202212
11122202
11122202
11122202
11122202
11122202
11122202
11122202
11122202
11122202
01220201
11122202
11122202
11122202
01220201
00222221
11122202
11122202
11122202
11122202
12201110
12201110
12201110
11122202
11122202
11122202
11122202
11122202
11122202
11122202
11122202
11122202
11122202
11122202
11122202
