02020012
02020012
01021122
10211201
01211012
01211012
01211012
01211012
21022201
20002220
21022201
10211201
21022201
21022201
10201222
21022201
20002220
20022201
22001112
02212110
20002220
20002220
20002220
20002220
20002220
20002220
20002220
20002220
20002220
20002220
20002220
20002220
21101010
10201222
00002220
20002220
10201222
20002220
20002220
20002220
20002220
02212110
20002220
20002220
20002220
20002220
20002220
21000010
12211000
20002222
20002220
20002220
20002220
20002220
20002220
22012211
20002220
22012211
20202220
