12200221
12200221
02220002
00221001
00221001
02220022
12110102
12110102
12110102
02220002
02220002
12110102
02220002
02220002
02220002
02220002
12110102
12110102
02220002
02220002
02220002
02220002
02220002
12212000
12110102
12110102
12110102
12110102
11110102
11110102
12212000
12212000
12212000
22012211
12212000
12222000
22012211
22012211
22012211
12222000
12222000
12222000
10222000
12212000
12212000
12222000
12222000
11212000
12212000
12212000
12212000
12212000
12212000
12212000
12212000
12012000
12212000
12112000
12212000
