20120000
20120000
21002012
21002012
21002012
21002012
02220002
12110102
00000121
21002012
11012022
11012022
12110102
12212000
11012022
11012022
10010222
02220002
02220002
02220002
02220002
02220002
02220002
02220002
12212000
02220002
11102021
12212000
11102021
22012211
12202000
12212000
22012211
12110102
12110102
11110102
12212000
12212000
12212000
12212000
12212000
12212000
02110102
02110102
02110102
12110102
12110102
12222000
12212000
12212000
12212010
12110102
12201110
12222000
12112000
12212000
12212000
12212000
12212000
