21000020
21000020
10212001
22102012
11101201
21002012
11012022
12110102
12110102
02220002
12110102
12110102
12110102
02220002
12110202
02220002
02220002
12110102
02220002
02220002
02220002
12110102
12110102
12110102
12110102
02220002
12212000
12212000
12110102
12212000
12110102
12110102
12212000
00222221
00222221
00222221
12212000
11110102
12212000
12110102
12212000
12212000
12212000
12212000
12212000
12212000
12202000
12202000
10212000
12202000
12212000
12110102
10110102
12212000
10110102
10110102
10110102
10110102
12110102
