01101002
01101002
12201110
12210221
12210221
12210221
12210221
01220201
01220201
12202101
02012101
11022000
11022000
11022000
02012101
12202101
00111120
11022000
11122202
11122202
11122202
01202212
01202212
01202212
11122202
11122202
11122202
11122202
01202212
01220201
10220210
10220210
10220210
01220201
01220201
20201211
11122202
20201201
11122202
00201001
20201201
01220201
20201201
20201201
11122202
20201201
20201201
12112000
12112000
20201201
12201110
12201110
12201110
12201110
12201110
11122202
12201110
12201110
12201110
