10220101
10220101
21020222
01000020
01000020
00202121
01000020
01000020
01000020
01000020
01000020
01000020
00212002
01000020
01000020
00212002
01000020
01000020
01000020
01000020
01000020
01000020
01000020
11000020
01020020
01020020
01020020
11122202
11000020
11000020
11122202
01000020
01020020
01020020
01020020
01000020
11122202
11122202
11122202
11122202
01020020
01000020
01000020
01000020
01000020
01000020
01000020
01000020
01000020
00212112
01000020
01000020
01000020
11122202
11122202
01000020
10020100
10020100
10020100
