00111010
00111010
21121100
12212000
11012022
11012022
12212100
12212000
22101111
11012022
12212000
12212000
12212000
12212000
10022020
11212202
12212000
12212000
12212000
11212202
12212000
02212110
12212000
20002220
20002220
11102021
11102021
20002220
11102021
20002220
21002220
21101010
21101010
21101010
21101010
21101010
21101010
21101010
21101010
02212110
21101010
02212110
22012211
21101010
22012211
22012211
12002000
22012211
22012211
22012211
12002000
20111020
20111020
20111020
21001010
12202000
12202000
21001010
21001010
