02110012
02110012
02010110
10100102
20202102
12110102
01011020
00000121
20210021
20210021
20210021
00221001
12212000
11012022
12212000
12212000
12212000
12212000
12212000
12212000
12212000
02220002
12212000
12212000
12212000
12212000
12110102
12212000
12212000
12212000
11110102
11110102
11110102
11110102
12110102
12202000
12110102
12110102
12110102
12212000
12110102
12110102
12212000
12110102
02110102
12110102
12202000
12110102
12212000
12201112
12212000
12212000
12201110
12201110
12112000
12112000
12212000
12212000
12212000
