02212110
02212110
12201110
11210120
12102012
12201110
22211212
12201110
12210221
12210221
12210221
12210221
12210221
12210221
12110102
12201110
10220210
10220210
10220210
12110102
12110102
12110102
12110102
12110102
12110102
12110102
12212000
02220002
12212000
12110102
02220002
12212000
12212000
12212000
12212000
12212000
12212000
12212000
12212000
02110102
12212000
12212000
12222000
12212000
12202000
12212000
12212000
12212000
12212000
12212000
12212000
12212000
12212000
12212000
12212000
12212000
12212000
12212000
12212000
