02010001
02010001
11101201
10021021
11101201
11212001
11212001
12202101
01220201
10222011
12210221
21002010
10220210
00111120
01220201
02012101
01220201
12210221
12210221
01202212
20221201
01202212
20221201
01202212
20201201
12201110
20201201
20201201
20201201
20202201
20201201
20201201
20201201
20201221
12201110
12201110
12201110
12201110
12201110
20201201
12201110
12201110
11122202
11122202
12201110
12201110
12201110
11122202
11122202
11122202
11122202
11122202
11122202
11122202
11122202
11122202
11122202
11122202
11122202
