00200111
00200111
01211012
01211012
10112122
20110000
20110000
20110000
20110000
11102021
11102021
20110000
20110000
10201222
10201222
10022101
20111020
10201222
20111020
10201222
20111020
20122221
10022101
20111020
20111020
20111020
20111020
20111020
20111020
20111020
10022101
10022101
11122202
20111020
22012211
22111020
22111020
22111020
22012211
22111020
22010221
20111010
11122202
12202000
11122202
00212112
20111020
00212112
00212112
21101010
12200000
00212112
00212112
11101010
21101110
10201222
10201222
12202000
11101010
