21202221
21202221
20200111
20200111
02220002
02220002
22220002
22220002
02220002
22102200
12110102
12110102
02220002
12110202
02220002
12110102
00221001
02220002
02220002
02220002
12212000
00222221
12212000
12212000
12212000
11102021
11102021
12212000
12110102
12212000
11102021
11110102
12211000
12211000
12211000
12211000
12211000
12211000
12211000
12212000
12211000
12211000
12211000
12211000
12211000
12211000
12211000
12211000
12211000
20002220
20002220
20002220
20002220
20002220
10110102
20002220
20002220
12110102
12110102
