10020200
10020200
11102021
11102021
11102021
11102021
11102021
11102021
10022101
10022101
10022101
10022101
10022101
10022101
10022101
10022101
10022101
10022101
10022101
10022101
10022101
10022101
10022101
10022101
10022101
10022101
10022100
10022101
10022101
10022100
10022100
10022100
10022100
10022100
10022100
10022100
10022100
10022101
10022100
10022101
12022101
10022100
12022101
12022101
12022101
10022100
10022100
10022100
10022100
10022100
10022100
10022100
10022100
10022100
10022100
10022100
10022100
10022100
10022100
