01110122
01110122
21202222
02220002
02220002
02220002
02220002
02220002
12110102
02220002
02220002
12110102
12110102
12110102
12110102
12110102
12110102
02220002
02220002
02220002
12110102
02220002
02220002
12212000
12110102
12212000
12212000
12110102
12212000
12212000
12212000
12212000
12212000
12212000
12212000
12110102
12212000
12110102
12110102
02110102
12212000
02110102
12212000
02110102
12212000
00222221
12212000
12212000
12212000
12212000
12212000
12212000
12212000
12212000
12212000
12212000
12212000
12212000
10110102
