01120012
01120012
00111012
22212210
11102021
22021000
22021000
22021000
22021000
22021000
10022101
10022101
10022101
10022001
10022101
10022101
10022101
10022101
10022101
10022101
10022101
10022101
10022101
10022101
10022101
10022101
10022201
10022100
10022100
10022100
12022100
10022100
10022100
10022100
10022100
10022100
10022100
10022100
10022100
10022100
10022100
10021100
10022100
10022100
10022100
10022100
10022100
10022100
10022100
10022100
10222100
10022100
10222100
12201110
10022100
10022100
10222100
10022100
10022100
