10121102
10121102
00010220
00010220
21012220
01202212
20222121
11122202
00212002
22001211
00212002
20222121
01000020
01000020
01000010
11122202
11122202
01000020
01000020
01000020
01000020
01000020
01000020
01000020
01000020
11122202
11000020
11000020
01000020
11000020
11000020
01000020
01000020
01000020
01000020
01000020
01000020
01000020
01000020
11000020
11000020
11000020
11000020
11122202
11122202
11122202
11122202
12111022
01020021
11000020
01000020
11122202
11122202
10021100
01000020
01000020
10020100
10020100
22201201
