02222220
02222220
01020100
02010222
02220002
12110102
02220002
02220002
02220002
21002012
12110102
02220002
02220002
21002012
21002012
12110102
12110102
12110102
02220002
12110102
12110102
02220002
12212000
12212000
12212000
12212000
12110102
12212000
11110102
11110102
11110102
11110102
11110102
11110102
11110102
11110102
21101010
11110102
11110102
21101010
12211000
21101010
21101010
21101010
10201222
10201222
12002000
21101010
21101010
21101010
02212110
02212110
21001010
11101010
21001010
11001010
21001010
21101010
21001010
