02122121
02122121
10101111
10101111
10201222
10201222
10201222
12212000
11012022
10201222
12212000
10201222
12212000
10201222
12212000
10201222
21101010
21101010
21101010
21101010
20111020
21101010
21101010
22012211
22012211
11101010
10201222
10201222
21101010
21101010
22012211
22012211
20111020
22012211
22111020
22111020
22111020
22111020
22111020
02212110
22010221
12202000
12202000
12002000
10201222
22012011
12002000
10201222
10201222
22012211
21101010
12002000
21001010
21001010
21001010
21001010
21001010
21001010
10201222
