11220202
11220202
20022110
11200002
12101211
12101211
12101211
01011001
01011001
12101211
02100111
21020222
20110000
11102111
01000020
11102111
00212002
00212002
00212002
00212002
00212002
01000020
11000020
11000020
11000020
01000020
11102111
11000020
20111020
11122202
11000020
11000020
11122202
11000020
11122202
00212002
01000020
01000020
01000020
01100020
01000020
11122202
00212112
00212112
01220201
11122202
11122202
11122202
11122202
01000020
01000020
11122202
11122202
01000020
11122202
01000020
01000020
01000020
01000020
