12122102
12122102
02121012
11020202
11020202
01202201
11020202
11020202
00221001
01212022
12212000
01212022
12212000
01212022
00221001
01212002
00221001
02220002
00221001
02220002
02220002
02220002
02220002
12110102
12110102
02220002
02220002
02220002
12110102
12212000
12212000
02220002
02220002
12212000
12212000
12212000
12212000
12212000
00222221
12212000
12212000
12212000
12212000
12212000
12212000
00222221
12212000
12212000
12222000
12212000
12212000
12212000
12212000
12212000
12212000
12212000
12212000
12212000
12112000
