20211202
20211202
11120211
11022010
11022010
11022010
10221200
11102111
20122221
22012211
20122221
20122221
20121020
22012211
22012211
20121020
21101010
21101010
02212110
22012211
10201222
20111020
20111020
20112020
20002220
20002220
20002220
20002220
20002220
20002220
20002220
21101010
21101010
21101010
10201222
22010211
10201222
10201222
20002220
12211000
20002220
20002220
20002220
20002220
20002220
12211000
12211000
20002220
21000010
12211000
20002220
20002220
20002220
20002220
20002220
20002220
20002220
22012211
12110102
