20012122
20012122
20221021
00000121
01212022
11020202
11020202
11020202
11012022
00221001
00221001
00221001
12110102
12110102
12110102
10010222
02220002
11012022
02220002
12110102
12110102
02220002
02220002
02220002
12212000
12212000
12212000
12222000
12212000
12212000
12212000
12212000
12212000
12212000
12212000
12222000
12212000
12110102
12110102
12212000
12110102
12212000
02110102
22012211
12212000
12212000
12212000
12212000
12212000
02110102
12212000
12212000
12212000
12212000
12212000
12212000
12201110
12212000
12212000
