20121012
20121012
00202001
22212210
11102021
22021000
22021000
22021000
22021000
22021000
10022101
10022101
10022101
10022101
10022001
10022101
10022101
10022101
10022101
10022101
10022101
10022101
10022101
10022101
10022101
10022101
10022201
10022100
10022100
10022100
10022100
10022100
10022100
10022100
10022100
10022100
10022100
10022100
20022100
10022100
10022100
10022100
10022100
10022100
10022100
10022100
10022100
10022100
10022100
10022100
10222100
10022100
10222100
10222100
10222100
10022100
10222100
10022100
10022100
