02002120
02002120
22202012
12011122
01100020
20222121
20222121
20222121
22001211
20222121
22222121
22222121
20222121
00212002
01000020
01000020
01200020
01200020
21222121
01200020
11122202
11122202
00212002
11122202
11122202
11122202
11122202
11000020
01020022
11122202
11122202
01000020
11122202
11122202
01000020
11000020
11122202
11122202
11000020
01000020
01000020
11000020
01000020
11122202
01000020
01000020
11122202
10022100
01000020
10022100
10020100
10020100
11122202
10020100
11122202
11122202
11122202
11122202
12201110
