20211001
20211001
10110012
11022010
01011001
01011001
20111020
01011001
22001112
22001112
11102111
22012211
21101010
22012211
21101010
21101010
21101010
21101010
02212110
10201222
10201222
20111020
22012211
02212110
02212110
02212110
10201222
10201222
02212110
21101010
21101010
21101010
21001010
22012211
21001010
21001010
02212110
02212110
21001010
21101010
10201222
21001010
21101010
21001010
22012211
21101010
21101010
21001010
21001010
21001010
21001010
21001010
21001010
21001010
21001010
21101000
21101010
21101010
21001010
