01221120
01221120
10021200
21001001
11000211
02012101
21010022
02012101
21010022
21202212
01202211
01202211
21100211
21100211
20201201
02012101
02012101
02012101
21100211
01202212
01202212
20221201
01202212
01202212
01202212
01202212
10220210
01202212
01202212
01202212
01202212
10220210
10220210
01220201
10220210
01220201
00222221
01220201
20201201
20201201
20201201
20201201
20201201
20201201
20201201
12201110
20201201
12201110
12201110
12201110
12201110
12201110
12201110
12201110
12201110
12201110
12201110
12201110
12201110
