02101212
02101212
20110000
20110000
21111001
10112122
20110000
20110000
20110000
20110000
20110000
20110000
20110200
20110200
20110200
20110200
20110200
22012211
01101210
20110200
11102111
11102111
20110200
20111020
20111020
21101010
21101010
22012211
21101010
22012211
22012211
22012211
22012211
22012211
22012211
22012211
22012211
20111020
20111020
20111020
20111020
20111020
12202000
22012211
21001010
10201222
12002000
22112211
12002000
12002000
21001010
21001010
21001010
10201222
00212112
21001010
00212112
21001010
00212112
