12112100
12112100
11000212
11020202
11020202
02121012
11020202
11020202
11020202
20210021
11020202
01212022
01212022
12212000
00221001
02220002
01212002
00221001
02220002
02220002
02220002
02220002
02220002
02220002
02220002
02220002
12212000
12212000
12212000
12212000
02220002
12110102
12212000
12212000
12212000
12212000
12212000
12212000
12212000
12211000
12211000
12211000
12211000
12211000
12211000
12211000
12211000
02212110
02212110
02212110
12212000
12212000
12212000
12212000
12212000
12212000
12212000
12012000
12212000
