20210211
20210211
21212212
00001220
10012002
12201110
21020222
02201101
01000020
00212002
01011001
01000020
00212002
00212002
00212002
00212002
11102111
20202121
01000020
11102111
00212102
00212102
00212102
00212112
11102111
01000020
01000020
11122202
01000020
00212112
00212112
11122202
00212112
11122202
00212112
00212112
00212112
11122202
11122202
11122202
11122202
11122202
10022100
01000020
01000020
01000020
01000020
01000020
10022100
10020100
10020100
10020100
01000020
10020100
10020100
11122202
10020100
11122202
11122202
