12210120
12210120
01102110
11212012
10201222
10201222
10201222
10211222
10201222
10201222
10201222
10201222
10201222
10201222
10201222
22012211
22012211
21101010
22012211
21101010
10201222
10201222
10201222
02212110
20111020
02212110
02212110
10201222
10201222
10201222
21101010
02212110
02212110
10201222
02212110
02212110
12202000
21001010
21001010
02212110
02212110
21001010
21001010
21001010
21101010
10201222
21101010
12002000
21101010
21001010
21101010
21101110
21101110
21101110
20201222
22012211
22012211
10201222
10201222
