22121100
22121100
22002102
22200202
22200202
22200202
00010101
11102021
11102021
11102021
11102021
11102021
10022101
11102021
10022101
11102021
10022101
10122101
10122101
10122101
10022101
10022101
10022101
10022101
10022101
10022101
10022101
10022101
10022101
10022101
10022101
10022101
10022100
10022101
10022101
10022101
10022101
10022101
10022101
10022101
12022101
12022101
12022101
12022101
12022101
12022101
12022101
10022100
10022100
10022100
10022100
10022100
10022100
10022100
10022100
10022100
10022100
10022100
10022100
