01120201
01120201
20221021
00000121
01212022
11012022
11020202
02111012
11020202
20210021
11020202
11020202
02220002
02220002
12212000
12212000
12212000
12212000
12212000
12212000
12212000
12212000
02220002
11110102
12212000
02220002
02220002
12110102
12110102
12110102
12212000
12110102
12110102
12110102
12110102
22012211
12110102
12110102
12110102
12222000
12222000
12222000
12222000
12222000
12212000
12212000
12212000
12212000
12212000
12212000
12212000
12212000
12212000
12212002
12212000
12212000
12212000
12212000
12212000
