02221112
02221112
02010222
02220002
02220002
21002012
02220002
02220002
02220002
02220002
02220002
12110102
00020222
02220002
02220002
02220102
02220002
02220002
02220002
02220002
12212000
12212000
12212000
12212000
12212000
12212000
00222221
12212000
12212000
12212000
12212000
12212000
12212000
12211000
12211000
12212000
12212000
12212000
12212000
12222000
12222000
12212000
12211000
12110102
12110102
12110102
12110102
12110102
12110102
10110102
10110102
10110102
10110102
10110102
10110102
10110102
10110102
10110102
10110102
