20011111
20011111
20200221
20221021
11012022
11012022
11012022
11012022
12212000
12212000
11020202
00221001
11020202
12212000
12212000
12212000
12212000
12212000
12212000
12212000
12212000
12212000
12212000
12212000
12212000
02220002
12212000
11110102
12212000
12212000
12212000
12212000
12110102
12212000
12212000
12212000
12110102
12110102
22012211
22012211
00222221
12110102
11110102
12212000
12212000
12211000
12222000
12212000
12212000
12212000
12212000
12212000
12212000
12212000
12212000
12201110
12112000
12112000
12212000
