22200221
22200221
21111202
01011001
21010022
01011001
21010022
01011001
01011001
01011001
01011001
01011001
01011001
20110000
01000020
20110200
20110000
20110000
20110000
20110000
01000020
11000020
01000020
01020020
01000020
01000020
01000020
01000020
01000020
00212002
01000020
11122202
01000020
01000020
01000020
01000020
01000020
01000020
01000020
01000020
22111022
01000020
01000020
01020020
11122202
11122202
11122202
11122202
11122202
11122202
01000020
01000020
01000020
01000020
11122202
01000020
11122202
10020100
10020100
