22101020
22101020
10221200
10221200
11102111
11102111
11102111
00212002
01000020
00212002
00212002
00212002
00212002
00212002
01000020
00212002
00212002
00212002
00212002
01000020
20110000
01000020
01000020
11000020
11122202
11000020
01000020
11000020
00212112
11122202
01000020
01000020
01000020
11122202
11122202
01000220
01000220
11122202
11122202
11000020
11000020
11000020
11122202
11122202
01000020
01000020
01000020
01000020
11122202
01000020
11122202
01000020
01000020
12201110
12201110
11122202
01020021
11122202
11122202
