10011011
10011011
11010202
02100111
02100111
02100111
02122102
10022101
21020222
02100111
10022101
11102111
01000020
00212002
10022101
10022101
10022101
10022101
10022101
10022101
10022101
10022101
10022101
10022001
10022101
10022101
10022101
10022100
10022100
10022101
10022101
10022101
10022101
10022100
10020100
10022100
10022100
10022100
10022100
10022100
10022100
10022100
10022100
10022100
10022100
10022100
10022100
10022100
10022100
10022100
10022100
10022100
10022100
10022100
10022100
10022100
10022100
10022100
10022100
