10002201
10002201
21212212
11022010
11022010
11022010
01011001
01011001
01011001
01011001
01011001
01000020
01000020
01000020
00212002
00212002
01000020
11000020
20222121
11000020
11000020
11000020
11000020
11000020
01000020
11000020
11000020
11122202
20111020
11000020
11122202
11122202
01020020
01000020
11000020
01000020
01000020
01000020
01000020
01000020
01000020
01000020
10022100
01000020
01000020
11000020
20111120
12111022
20111120
20111120
20111120
11122202
10020100
10020100
11122202
11122202
10020100
11122202
22201201
