12012010
12012010
21022000
02210120
02201101
02201101
00212002
00212002
02201101
01000020
22001211
01000020
00212002
20222121
00212002
11102111
01000020
00212102
00212102
00212102
00212102
00212102
00212102
00212112
00212110
00212112
00212112
00212122
00212112
11000020
11122202
11122202
11122202
11122202
11000020
11122202
11122202
11122202
11122202
10022100
11122202
11122202
11122202
10022100
01000020
10022100
01000020
10022100
10022100
10020100
10020100
10020100
10020100
10020100
10020100
10020100
10020100
10020100
10020100
