00112220
00112220
21212112
01220201
01220201
01220201
12021212
01220201
12210221
10220210
12210221
12210221
12202101
12210221
12210221
10220210
10220210
10220210
02012001
10220210
12210221
12210221
01220201
01202212
01220201
01220201
01220201
01202212
01202212
10220210
11122202
11122202
11122202
11122202
11122202
11122202
11122202
11122202
11122202
20201201
11122202
12201110
20201201
11122202
12201110
12201110
12201110
11122202
12201110
12201110
11122202
12201110
11122202
20201201
11122222
11122202
11122202
11122202
11122202
