11202100
11202100
10021200
21001001
21010022
02220101
21010022
02012101
21100211
01202212
01202212
21100211
01202211
21100211
21110211
21100211
21110211
12022000
12022000
12022000
02012101
20201201
20201201
01202212
20221201
20201201
02012101
20201201
20201201
20201201
20201201
20201201
10220210
20201221
20201221
12201110
12201110
12201110
20201201
20201201
20201201
11122202
11122202
11122202
11122202
11122202
11122202
11122202
11122202
11222202
11122202
11122202
11122202
11122202
11122202
12201110
12201110
12201110
12201110
