20212000
20212000
01212022
20221021
12212000
10022020
01212022
01212022
12212000
11012022
12212000
12212000
12212000
12212000
11012022
21012022
12212000
12212000
12212000
02220002
02220002
12110102
12212000
12212000
12212000
12110102
12212000
12212000
12212000
12212000
12212000
12212000
02220002
12212000
12212000
12212000
12212000
12212000
00222221
00222221
12212000
12212000
12212000
12212000
12212000
12212000
00222221
12212000
12212000
12110102
12212000
12110102
12201112
12212000
12212000
12210000
12201110
12212000
12112000
