21010101
21010101
10112201
10201112
02220002
02220002
02220002
22220002
02220002
12110102
21002012
02220002
02220002
12110102
02220002
02220002
02220102
02220002
02220002
02220002
12110102
11110102
11110102
02220002
02220002
12110102
12212000
02220002
12212000
10212000
12222000
22212000
12212000
12110102
12212000
12222000
12222000
22012211
22012211
12222000
00222221
12212000
12202000
12202000
12110102
12202000
12202000
12211000
12120102
12110102
12110102
12212000
12110102
12212000
12110102
12110102
12110102
12110102
12110102
