02221221
02221221
01120022
20222112
20222112
20122112
00222221
20222112
20222112
20222112
20222112
20222112
20222112
20222112
12201110
12201110
12201110
10022101
10022101
10022101
10022101
12201110
10022101
10022201
10022101
10022101
10022101
12201110
12201110
11201110
12201110
12201110
12201110
10022101
12201110
12201110
12201110
12201110
12201110
12201110
12201110
12201110
12201110
12201110
12201110
12201110
11122202
11122202
12201110
11122202
11122202
11122201
11122201
11122202
11122201
11122202
11122202
11122202
11122202
