12010122
12010122
21001001
20210010
21001001
02012101
21010022
02012101
21010022
11022000
20201201
20201201
20201201
20201001
02012101
02012101
02012101
20221201
20201201
20201201
01202212
21110211
21110211
20021201
02012101
20021201
01201212
11122202
10220210
01220201
01220201
01220201
10220212
01220201
01220201
01220201
01220201
01220201
01220201
10220210
11122202
11122202
11122202
20201201
20201201
11122202
11122202
11122202
11122202
00222221
11122202
20201201
11122202
11122202
20201201
11122202
11122202
11122202
12201110
