10221221
10221221
20110000
11110000
10112122
20110000
22002102
20110000
20110000
20110000
20110000
20110000
20110000
20110200
20110200
20110200
20110200
20110200
20110200
20110200
20110200
11102111
11102111
20110200
11102111
20111020
20111020
20111020
20111020
20111020
20111020
20111020
20111020
20111020
21101010
21101010
20111020
20111020
20111020
20111020
20111020
20111020
20111020
20111020
20111020
20111020
20111020
20111020
21101010
21001010
21101010
00212112
21101010
21101110
21101110
12202000
10201222
01000020
12202000
