22002212
22002212
02120122
12110210
02010001
10100102
02220002
12110102
12110102
12110102
10010222
10010222
10010222
11012022
10010222
10010222
11012022
12210221
10220210
00222221
00222221
00222221
00222221
00222221
12212000
12212000
00222221
00222221
00222221
00222221
00222221
00222221
00222221
00222221
00222221
00222221
00222221
01220201
11122202
01220201
01220201
20201201
20201201
20201201
00222221
00222221
00222221
12201110
00222221
12201110
00222221
02201110
11122202
02201110
12212000
12212000
12201110
12212000
10122202
