12110102
12110102
20121020
20212210
20221212
11012022
11012022
11012022
01011020
01011020
01011020
00000121
00221001
12212000
12212000
12212000
12212000
12212000
11212000
12212000
12212000
12212000
12212000
12212000
02220002
12212000
11110102
12110102
12110102
12212000
12110102
00222221
00222221
00222221
00222221
00222221
00222221
00222221
12212000
12212000
12212000
00022221
12212000
12110102
12212000
12212000
12212000
12212000
12212000
12212000
12212000
22212000
12212000
12212000
12212000
12212000
12212000
12112000
12212000
