10111000
10111000
22111111
10101111
10101111
10101111
11012022
11012022
12212000
10201222
10201222
10201222
10201222
11012022
21101010
21101010
10201222
10201222
21101010
10201222
11012022
22012211
10201222
10201222
21101010
21101010
21101010
10201222
21101010
22101010
21101010
21001010
12212000
21101010
21001010
22012211
02212110
22012211
02212110
21001010
21001010
21001010
21001010
10201222
22012211
21101010
21101010
21101010
21001010
21001010
21001010
21001010
21001010
21001010
21001010
01212110
01212110
11101010
21001010
