10222221
10222221
12212000
12212000
12212000
12212000
11012022
12212000
12212000
12212000
12212000
12212000
12212000
12212000
21022201
22001112
21022201
22001112
12212000
12212000
02212110
02212110
12212000
02212110
02212110
12212000
12212000
12212000
12202000
12212000
12202000
12212000
12202000
12202000
12202000
21001010
21101010
21001010
21001010
20111020
20111020
22012211
02212110
02212110
02212110
02212110
22012211
22012211
20111020
20111020
20111020
00212112
00212112
12002000
00212112
00212112
21001010
21001010
21001010
