11010111
11010111
22020012
10010222
10010222
10010222
10010222
10010222
10010222
00222221
10010222
10010222
10010222
10010222
10010222
00222221
10010222
00222221
00222221
12201110
00222221
00222221
00222221
00222221
00222221
00222221
00222221
00222221
12212000
00222221
00222221
20002220
12201110
20002220
12211000
12211000
12212000
12212000
12212000
12212000
12212000
12212000
12211000
12110102
12110102
12110102
12110102
12110102
12110102
12110102
10110102
10110102
10110102
10110102
10110102
10110102
11122202
11122202
12110102
