10212011
10212011
01222102
20222121
11122202
20222121
11122202
20222121
01100020
22222121
22222121
22001211
20222121
22001211
21100211
21100211
01200020
01200020
21222121
01200020
21222121
11122202
11122202
11122202
11122202
11122202
01000020
11122202
01000020
11000020
01000020
11000020
01000020
01000020
01000020
11000020
11000020
11000020
11000020
11000020
01000020
01000020
01000020
01000020
01220201
01000020
01000020
11122202
11122202
11122202
01000020
11122202
01000020
12201110
11122202
12201110
12201110
01000020
01000020
