01222100
01222100
11221212
00010220
01202212
01202212
01202212
01202212
02012101
01202212
10220200
12210221
12210221
10220211
00111120
02012101
02012101
00111120
11122202
11122202
20201201
20221201
20221201
20021201
20021201
01202212
01202212
01202212
01202212
01202212
01202212
10220210
10220210
20201201
20201201
20201201
12201110
12201110
20201201
12201110
20201201
11122102
11122202
11122202
12201110
11122202
11122202
11122202
11122202
11122202
11122202
12201110
11122202
11122202
11122202
11122202
11122202
11122202
11122202
