10101221
10101221
12201110
12210221
12210221
12210221
12210221
01220201
12210221
10220210
01220201
10220210
12210221
10220210
12210221
10220210
20211201
20201201
02012101
02002101
12210221
02012000
01202212
10220210
01220201
20201201
12110102
01202212
01202212
01202212
20201201
11122202
10220210
10220210
01220201
11122202
11122202
00222221
00222221
01220201
20201201
20201201
01220201
20201201
12201110
12201110
20201201
11122202
12201110
12201110
12201110
12201110
12201110
12201110
12201110
12201110
12201100
12221110
12201110
