20122110
20122110
20200111
02220002
02220002
02220002
21002012
02220002
02220002
02220002
02220002
12110102
02220002
02220002
02220002
02220102
02220002
12110102
12212000
02220002
02220002
12212000
00222220
00222221
00222221
00222221
00222221
00222221
00222221
20222221
00222221
00222221
12212000
00222221
12212000
12212000
12212000
12212000
00222221
12212000
12212000
12212000
12212000
11212000
12212000
12201110
12212000
12201112
12212000
12201112
12201112
11122202
12212000
12212000
12112000
12212000
12212000
12212000
12212000
