00101002
00101002
01110001
22200210
00122012
12020010
11022000
11022200
11022000
11022000
12202101
11022000
11022000
11022000
02012101
20201201
21100211
20221201
10220210
10220210
20221201
01202212
12210221
01220201
01202212
01202212
20201201
01202212
01202212
01202212
20201201
20201201
10220210
10220210
12210221
20201001
20201201
20201201
11122202
20201201
01220201
01220201
11122202
01220201
11122202
11122202
11122202
11122202
11122202
11122202
20201201
11122202
11122202
11122202
11122202
12201110
12201110
12201110
11122202
