10120110
10120110
12121211
20222111
12212000
11012022
11012022
11012022
01011020
01011020
20210021
01212022
11012022
11012022
11012022
12212000
00221001
00221001
00221001
12212000
12212000
12212000
12212000
12110102
12110102
12212000
12212000
12212000
12212000
12212000
00222221
12110102
12110102
12212000
12110102
12212000
12110102
12212000
12212000
12212000
12212000
12212000
12212000
12212000
12212000
12212000
12212000
12212000
12212000
12212000
12212000
12212000
12212000
12212000
12212000
12012000
12212000
12212000
12212000
