00111120
00111120
02100102
01100020
01100020
20222121
20222121
20222121
20222121
01000020
01000020
01000020
01000020
01000020
01000010
11122202
01000020
11122202
01000020
01000020
01000020
01000020
01000020
01000020
01000020
11122202
01000020
11122202
01000020
01000020
11122202
11122202
11122202
11102202
01020020
11122202
11122202
11122202
01000020
11122202
11122202
11122202
11122202
10022100
11000020
01000020
10022100
10022100
10022100
10022100
10020100
10020100
10020100
10020100
10020100
10020100
10020100
10020100
10020100
