02020020
02020020
21222022
01221100
10020020
20221021
10022020
10022020
10022020
10010222
11012022
10022020
12212000
12212000
12212000
12212000
12212000
11102021
11122021
11212202
12212000
02212110
11102021
11102021
02212110
11102021
11102021
12212000
12212000
12202000
12212000
12202000
12202000
12202000
12110102
12110102
12222000
12222000
12222000
12222000
12110102
12222000
12222000
12222000
12222000
12222000
21101010
12212000
12212000
12212000
12212000
12012000
12212000
12212000
12212000
12212000
12212000
12212000
12212000
