01000020
01000020
21020222
01000020
21020222
00202121
00202121
00202121
12101211
01000020
21010022
21010022
01000020
00212002
00212002
00212002
01000020
01000020
01000020
00212102
01200020
00212102
00212102
00212102
00212112
00212112
01202212
00212102
11122202
11122202
11122202
11122202
01000020
01000020
01000020
01000020
01020020
21122202
11000020
11000020
01000020
01000020
01000020
01000020
01000020
01000020
01000020
01000020
11122202
11122202
11122202
11122202
01000020
11122202
01000020
01000020
01000020
11122200
11122202
