20211202
20211202
11001122
20222112
20222112
20222112
20222112
20222112
20222112
02220101
10022101
12021000
10022101
10022101
10022101
10022101
10022101
10022101
10022101
10022101
10022101
10022100
11122202
10022101
10022101
10022101
10022101
10022101
10020101
10022100
10022100
10022101
10022100
10022101
10022101
12201110
12201110
10022100
10022100
10022100
10022100
10022100
10022100
12201110
12201110
12201110
12201110
12201110
12201110
12201110
11122202
11122202
12201110
12201110
10222100
10022100
10222100
10022100
11122202
