22222010
22222010
11221212
00010200
00010220
01202212
01202212
01202212
21100211
01202212
11122202
11122202
11122202
11122202
11122202
11122202
11122202
01000020
11122202
11122202
11122202
11122202
11122202
20201201
01202212
01202212
02012001
01220201
01220201
01220201
01202212
10220210
10220210
10220210
00222221
10220210
20201201
20201201
00222221
00222221
12212000
12212000
12212000
12212000
12212000
02110102
00222221
02110102
12212000
12212000
12212000
12212000
12212000
12212000
12212000
12212000
12112000
12112000
12212000
