20211022
20211022
00121012
11212001
00120200
11212001
12201110
12202101
12202101
10220210
21002010
10222011
20201201
10220211
00111120
10220211
02012101
01202212
01202212
01202212
01202212
01202212
01202212
12201110
01202212
01202212
01202212
00222221
00222221
00222221
00222221
00222221
00222221
00222221
20201201
01220201
01220201
11122202
11122202
01220201
01220201
01220201
20201201
20201211
20201201
11122202
12201110
20201201
20201201
20201201
20201201
12211110
11122202
12201110
12201110
12201110
12201110
12212000
12201110
