12220001
12220001
11221212
00010200
00010220
01202212
01202212
01202212
21100211
11122202
11122202
11122202
11122202
11122202
21100211
21100211
21100211
12022000
21100211
11122202
11122202
11122202
21222121
01000020
11000020
11000020
01020022
11122202
01020022
11122202
11122202
11122201
11122202
11000020
11122202
11122202
11122202
11122202
11122202
10022100
11122202
11122202
11122202
10022100
01000020
10022100
01000020
10022100
10022100
10022100
10020100
10020100
10020100
10020100
12201110
10020100
10020100
10020100
10020100
