12022101
12022101
22112020
01001010
20110000
00010101
20110000
20110000
20110000
20110000
20110000
11102021
10201222
10211201
10201222
10201222
20111020
10201222
20111020
10201222
20111020
20122221
10201222
10122121
20111020
20111020
20111020
20111020
20111020
20111220
10022101
10022101
10022101
10022101
22012211
00212002
00212002
00212002
22012211
00212002
00212112
00212112
11122202
00212112
00212112
00212112
00212112
00212112
00212112
00212112
20111020
12202000
21001010
21001010
21101010
11101010
21001010
11101010
11101010
