11002011
11002011
20012101
11212202
11212202
11212202
11212202
11212202
11212202
11212202
11102021
11102021
11102021
11102021
11102021
11102021
11102021
11102021
11102021
11102021
11102021
11102021
11102021
20002220
20002220
20002220
20002220
20002220
20002220
10022101
20002220
20002220
10022102
10002220
10022102
20002220
20002220
12201110
20002220
20002220
22002220
22002220
22002220
22002220
10022101
22002220
22002220
10022101
22002220
10022101
12002220
22002220
20002220
22002220
22002220
22002220
22002220
22002220
22002220
