11021110
11021110
11112222
10201222
10201222
10201222
10201222
10201222
10201222
10201222
10201222
21101010
10201222
10201222
22012211
22012211
10201222
10201222
10201222
10201222
21101010
10201222
10201222
20111020
20111020
22012211
02212110
02212110
10201222
02212110
02212110
10201222
10201222
10201222
02212110
10201222
10201022
21001010
21001010
21001010
21001010
10201222
10201222
21101010
21001010
22012211
12002000
10201222
10200222
22012211
02212110
02212110
21101010
21001010
21001010
01212110
00212112
11101010
21001010
