12201202
12201202
22102200
10022020
10022020
20221021
10022020
10022020
10022020
10022020
10022020
12212000
12212000
12212000
12212000
10022020
11102021
12212000
11122021
11212202
11102021
11102021
11102021
11102021
02212110
11102021
11102021
11102021
11102021
21101010
12212000
11110102
11110102
11110102
12202000
12202000
11110102
12110102
12222000
12222000
12222000
12222000
12222000
12212000
12202000
12110102
12212000
12212000
12212000
12212000
12212000
12212000
12212000
12212000
12212000
12212000
12212000
12212000
12212000
