11102211
11102211
01011121
20112112
22012211
22001112
22001112
21101010
20121020
22012211
21101010
21101010
22012211
10201222
22002211
21101010
02212110
10201222
10201222
22012211
22012211
10201222
10201222
10201222
21101010
21101010
21101010
21101010
21101010
02212110
02212110
02212110
02212110
02212110
02212110
21001010
02212110
02212110
02212110
02212110
21001010
21101010
21001010
10201222
20111020
10201222
20111020
12002000
22012211
22012211
10201222
20111020
12202000
21101110
21001010
10201222
00212112
11101010
21001010
