21100222
21100222
10010222
10010222
10010222
10110222
22102200
22102200
22102200
10010222
10010222
00222221
10010222
10010222
10010222
10010222
10010222
11012022
11012022
10220210
10220210
12110102
12212000
10220210
10220210
12212000
10220210
12212000
12212000
12212000
12212000
12212000
12212000
12212000
12212000
12212000
12212000
12212000
12212000
02110102
00222221
22012211
22012211
12202000
12212000
12212000
12212000
12212000
12212000
12212000
12212000
12212000
12212000
12212000
12110102
12212000
12212000
12212000
12212000
