10210222
10210222
12212000
12212000
12212000
12212000
01212022
12212000
11012022
12212000
11012022
12212000
12212000
11012022
11012022
12212000
02220002
02220002
12212000
02220002
12212000
12212000
12212000
12212000
12212000
12212000
12212000
00222221
12212000
12212000
12212000
11110102
12211000
12211000
12211000
12212000
12212000
12212000
12212000
12212000
12211000
12211000
12110102
12110102
12110102
12211000
12110102
12110102
12110102
12110102
12110102
12110102
12110102
12110102
12110102
12110102
12110102
12110102
22002220
