20121012
20121012
20202102
02000011
02220002
00020222
12110102
00221001
12110102
12110112
12201110
12110102
12210221
12110102
12110102
12110102
12210221
12110102
21110102
12110102
12212000
12212000
12110102
12212000
12110102
12212000
12212000
10220210
02220002
12212000
12212000
12212000
12212000
12212000
12122000
12110102
00222221
12110102
12110102
12212000
22012211
12212000
12212000
12202000
12212000
12212000
12212000
10212000
12110102
12110102
12212000
12110102
12212000
10110102
12212000
12212000
11122202
10122202
10122202
