12110200
12110200
11110102
22200210
00102100
11022000
11022000
11022000
11022000
20201201
00111120
20201201
20201201
20201201
02012101
02012101
11022000
02012101
20201201
02012101
01202212
02012101
02012101
20021201
20021201
01202212
01202212
01202212
01202212
20201201
01202212
20201201
01220201
10220210
10220212
12201110
01220201
01220201
01220201
12201110
01220201
11122202
11122202
11122202
20201201
12201110
20201201
11020020
20201201
12201110
12201110
12201110
20201201
11122202
11112202
12201110
20201201
12201110
12201110
