22111221
22111221
10201112
02220002
21202222
02220002
22220002
02220002
12110102
12110102
12110102
12110102
01011020
12110102
02220002
02220002
02220002
02220002
02220002
02220002
02220002
02220002
02220002
02220002
02220002
12110102
02220002
02220002
12212000
12212000
02220002
12212000
12222000
12110102
12110102
12110102
12212000
00222221
12212000
12110102
12212000
02110102
12212000
12212000
12212000
00222221
12212000
12212000
12212000
12212000
12212000
12212000
12212000
12212000
12212000
12212000
12212000
12212000
12112000
