21200210
21200210
21002212
00010220
10222011
00010220
00010220
20220121
22001211
01000020
22222121
22222121
00212002
20222121
01000020
20222121
00212002
00212002
01200020
20222121
01000020
21222121
11122202
20110000
11000020
11000020
11000020
21000020
01000020
11122202
11122202
11000020
11122202
11122202
11000020
11000020
11122202
11122202
11000020
11000020
11000020
11000020
01020021
01000020
01000020
01000020
11122202
11122202
01000020
11122202
11122202
11122202
11122202
11122202
10020100
11122202
21122202
01000020
01000020
