20021021
20021021
21212112
01120201
01220201
01220201
12202101
12202101
00112101
12202101
12210221
12210221
12210221
12210221
10220210
02012101
01220201
10220210
02012101
20221201
10220210
02012101
10220210
01220201
12110102
10220210
12110102
02012101
10220210
10220210
10220210
20201201
10220210
20201201
20201201
20201201
20201201
12201110
12201110
12201110
12201110
11122202
12212000
12201110
12201110
12112000
12112000
00222221
20201201
12201110
12201110
12201110
12201110
12201110
12201110
12201110
12201110
12201110
12201110
