01201100
01201100
00212002
00212002
20121222
22012211
22012211
22012211
22012211
22012211
20122221
20122221
22012211
22012211
22012211
22012211
22012211
22012211
22012211
21101010
22012211
22012211
22012211
20111020
20111020
22012211
22012211
20111020
20111020
20111020
20111020
20111020
20111020
22012211
20111020
22012211
22012211
20111020
22012211
20111020
02212110
02212110
20111020
20111020
02212110
20111020
20111020
20111020
20111020
20111020
20111020
22012211
12202000
01000020
10201222
12202000
12202000
11101010
11101010
