21101120
21101120
21222022
21222022
21202222
10022020
02010001
02220002
02220002
10010222
10010222
10010222
10022020
12212000
10010222
10010222
10010222
10010222
02220002
11122121
11212202
12212000
00222221
12201110
11102021
11102021
11102021
11102021
12212000
12212000
12202000
12212000
12202000
12202000
11110102
22012211
12222000
12222000
22012211
22012211
21101010
21101010
12212000
12212000
12212000
12212000
12212000
12212000
12212000
12212000
12212000
12212000
12212002
12212000
12212000
12212000
12212000
12212000
12212000
