00221002
00221002
00000121
21202222
02220002
11002122
12212000
12212000
10022020
12212000
12212000
12212000
12212001
11012022
11012022
11012022
12212000
12212000
12212000
12212000
12212000
12212000
12212000
12212000
12212000
12110102
12110102
12110102
12212000
12212000
02220002
12212000
12222000
12212000
12110102
12212000
12212000
12212000
12212000
12212000
00222221
12212100
12212000
12212000
02212000
12212000
12212000
12212000
12212000
12212000
12212000
12212000
12212000
12212000
12212000
12212000
12212000
12212000
12212000
