11210110
11210110
01120000
21022000
21022000
02201101
21010022
12101211
01011001
01000020
00212002
00212002
00212002
01000020
00212002
01000020
01000020
01000020
01000020
01000020
11000020
11000020
11000020
11000020
01000020
01000020
11000020
11000020
11000020
00212002
01000022
01020020
01020020
01000020
11000020
01000020
01020020
01020020
01020020
01000020
01000020
01000020
01000020
11122202
11122202
11000020
11122202
11122202
11122202
11122202
11122202
11122202
11122202
01000020
01000020
10020100
10020100
10020100
10020100
