22011120
22011120
20221212
20221212
20221212
20221212
10100111
20221212
01101210
01101210
11012022
10201222
10201222
21101010
21101010
22012211
20111020
20111020
10201222
20111020
20111020
20111020
20111020
20111020
20111020
20121020
20111020
20111020
20111020
20111120
20111020
20111021
20111120
20111120
20111120
20111120
20111120
20111120
22111020
02212110
22012211
22012211
22012211
22012211
20111020
22012211
20111020
12202000
20111020
21101010
21001010
10201222
10201222
10201222
00212112
21001010
00212112
21001010
22012211
