11211111
11211111
01121121
00212002
00212002
10012020
21101010
22012211
20121020
22012211
22012211
20122221
22012211
22012211
22001112
22001112
22012211
22012211
22012211
22012211
22012211
10201222
10201222
10201222
21101010
21101010
21101010
21101010
21101010
21101010
21101010
21101010
21101010
21101010
21101010
21001010
21101010
21001010
20111020
22012211
20111020
20111020
02212110
02212110
22012211
20111020
20111020
20111020
20111020
22012211
22012211
20111020
00212112
12002000
12002000
00212112
22012211
00212112
22012211
