01001102
01001102
21112001
11012022
11012022
11012022
11012022
21022201
20002220
21022201
21022201
21022201
21022201
22001112
21022201
22001112
22001112
02212110
02212110
02212110
02212110
02210110
02212110
02212110
22012211
22012211
22012211
22012211
02212110
22012211
02212110
02212110
22012211
21101010
10201222
21001010
02212110
02212110
02212110
21001010
21001010
20111020
21101010
02212110
21001010
12002000
10201222
10201222
22012211
10201222
21101010
02212110
21001010
21001010
22012211
21001010
21001010
21001010
21001010
