00001222
00001222
11110102
21010212
20201201
20201201
10222011
11022000
20201201
20201201
12202101
11022000
11022000
02012101
02012101
02012101
02012101
00112101
02012101
20201201
20221201
11122202
01202212
10220210
10220210
10220210
01220201
12110102
01202212
12110102
10220210
10220210
10220210
20201201
01220201
10220210
00222221
11122202
00222201
00201201
11122212
11122202
12201110
12201110
11122202
12201110
00222221
20201201
12201110
12201110
11122202
11122202
20201201
20201201
12201110
12201110
11122202
22201201
22201201
