01201021
01201021
11210210
12010222
20221211
11210210
21002012
21002012
12210221
12210221
12210221
21002012
12110102
02220002
00221001
02220002
01212002
00221001
02220002
02220002
02220002
02220002
02220002
12212000
12212000
12212000
12212000
12212000
12212000
12212000
12212000
12212000
22012211
12211000
12212000
22012211
12212000
12212000
12212000
12212000
12211000
12211000
12110102
12110102
12110102
12211000
12110102
12110102
12110102
12110102
12110102
12110102
10110102
12110102
12110102
20002220
12110102
12110102
12110102
