02010010
02010010
11102100
00010220
00010220
00010220
21012220
21222121
20222121
22222121
01000020
22001211
22001211
21222121
01011001
01011001
00212002
00212002
11122202
21222121
21222121
11122202
11122202
11122202
00212102
01000020
01000020
01000020
01000020
01000020
01000020
11000020
01000020
01000020
01000020
21122202
01000020
11000020
11000020
11000020
11122202
11000020
01000020
01000020
01000020
01000020
11122202
11122202
11122202
01000020
11122202
11122202
11122202
11122202
01000020
01000020
01000020
12201110
01010020
