02120022
02120022
21001022
20102022
11022010
00212002
01201120
10012020
22001112
20122221
20122221
22012211
22012211
22012211
22012211
21101010
21101010
22012211
22012211
22012211
22012211
22012211
22012211
22012211
20111020
22012211
20111020
20111020
21101010
22012211
22012211
02212110
22012211
10221222
10201022
10201222
10201222
10201222
21001010
21101010
21101010
10201222
21101010
21101010
22012212
21101010
21001010
21001010
10200222
21001010
21001010
21001010
21001010
21101010
21101010
21101110
21101010
12202000
21001010
