20010021
20010021
01010222
10220121
10201222
11012022
11012022
10201222
10201222
10201222
12212000
10201222
10201222
10201222
10201222
12212000
22012211
21101010
22012211
22012211
22012211
10201222
20111020
20111020
20111020
20121020
20111020
20111120
22012211
22012211
22012211
22012211
22012211
20111120
22012211
02212110
22012211
12202000
20111010
22012211
22012211
02212110
20111020
02212110
20111020
20111020
20111020
20111020
20111020
22012211
22012211
22012211
20111020
22012211
22012211
22012211
22012211
00212112
22012211
