12121012
12121012
11111102
01110020
11020202
11020202
11020202
02220002
12110102
01212022
12212000
01011020
12212000
12212000
12212000
12212000
12212000
12110102
12212000
02220002
12212000
12212000
12212000
00222221
00222221
00222221
12212000
00222221
12201110
00222221
00222221
00222221
00222221
00222221
12212000
00222221
12212000
12212000
12212000
12212000
12201110
12212000
12212000
12212000
12212000
12201110
12201110
12201110
12200110
12201110
12201110
20201001
20201001
12201110
12201110
20201201
12201110
12201110
20201201
