21112100
21112100
21120221
11002112
20212011
20111011
12212000
10201222
20121020
10201222
22001112
10201222
01101210
10201222
10211201
10201222
10201222
10201222
20122221
20111020
02212110
10201222
20002220
20002220
22012211
22012211
10022101
22012211
10022101
22012211
10022101
22012211
22012211
22012211
10222101
10022101
10022101
22012211
10022101
10022101
10022101
12022101
12022101
12022101
22012211
00212112
12022101
12022101
10022100
10022100
10022100
10022100
10022100
10022100
10022100
10022100
10022100
10022100
10022100
