22222222
22222222
22222022
22222221
22222202
22222121
12012222
22012222
12022221
12012021
22112021
12012021
22002022
12222121
12222111
22201022
20002001
21201022
20002001
21201022
01002212
02220122
22222201
02021020
01221211
12100110
22222220
01221222
22222220
02022021
02220021
02020021
02020021
02120001
12020021
22222220
22222220
20200221
20200211
20202201
11222220
01221220
22221220
22100211
22100211
22100221
22100211
21120211
02121120
11122201
11100221
21220201
22221120
22000010
22000022
22101001
22101001
22102001
02121001
22002001
02121101
02121001
20002001
20002002
22022002
20022002
22001002
