02011002
02011002
20122220
21002012
21002012
21002012
00221001
00221001
02220002
00020222
12110102
12110102
12110102
12110102
12110102
12110102
12110102
11110102
11110102
12212000
12212000
12212000
12212000
12212000
12110102
12212000
12212000
12212000
12212000
12212000
12212000
12212000
12212000
12212000
00222221
11110102
12110102
12222000
12212000
12212000
12110102
12110102
11110102
12211000
12211000
12110102
12212000
12212000
12212000
12212000
12212000
12212000
12212000
12212000
12212000
12012000
12212000
12212000
12212000
