00211002
00211002
02100102
20200221
01100020
20222121
20222121
22001211
01000020
01000020
01000220
01000020
01000020
01000020
01000020
01200020
01200020
20222121
00212002
01200020
01200020
01000020
01000020
11122202
01000020
01000020
01000020
01000020
01000020
01000020
01000020
11000020
01000020
11122202
11000020
11000020
11122202
11000020
11000020
01000020
01000020
11000020
01000020
10022100
01000020
20111120
11122202
01000020
01000020
01000020
01000020
01000020
10020100
01000020
10000100
10020100
10020100
10020100
10020100
