20200222
20200222
11211021
12010221
12201110
00212002
00212002
02201101
02201101
01000020
11102111
00212002
00212002
01000020
01000020
11102111
01000020
11102111
01102111
11102111
11102111
11102111
20110100
11102111
11102111
11000020
00212002
01000020
01000020
00212002
11122202
11122202
00212002
00212002
00212002
00212002
11122202
00212002
22012211
22111020
01000020
11122102
11122202
00212112
01000020
01000020
01000020
11122202
11122202
11122202
11122202
11112202
01000020
11122202
10020100
10020100
10020100
10020100
10020100
