02112101
02112101
11012022
11012022
12212000
12212000
12212000
11012022
11012022
11012022
11012022
12212000
12212000
12212000
12212000
12212000
12212000
12212000
12212000
12212000
00221001
11110102
12212000
12212000
12212000
12012000
12212000
12212000
12212000
00222221
12212000
12212000
02220002
12212000
12212000
12212000
12212000
12212000
12212000
12212000
12212000
12212000
12212000
11212000
11212000
11212000
11212000
11212000
12201110
12212000
12212000
12212000
12201112
12212000
12212000
10122202
10122202
10122202
12212000
