10200020
10200020
20012101
10022222
20012101
22101111
22101111
22101111
21022201
11212202
11212202
11212202
21022201
11212202
21022201
11212202
21022201
11212202
21022201
11102021
11102021
11102021
20002220
20002220
20002220
20002220
20002220
20002220
20002220
21002220
20002220
20002220
10022101
20002220
20002220
20002220
12211000
12212000
12211000
12211000
12211000
20002220
12211000
02212110
20002220
20002220
20002220
20002220
20002220
20002220
20002220
20002220
20002220
20002220
12110102
20002220
22002220
20002220
22012211
