22100112
22100112
11210120
20021110
12201110
12201110
12201110
12201110
12201110
00222221
12201110
12201110
12210221
12201110
12210221
10010222
00222221
00222221
00222221
00222221
12210221
00222221
00222221
00222221
00222221
00222221
00222221
00222221
12201110
12201110
12201110
00222221
12200110
12201110
00222221
00222221
00222221
00222221
12201110
12201110
12201110
12212000
12201110
12212000
12201110
12201110
12211110
12201110
12201110
12201110
12201110
11122202
20201201
12201120
12201110
11122202
20201201
22201201
22201201
