10101121
10101121
00111121
20221212
20221212
20221212
20221212
01101210
01101210
01101210
11012022
11012022
10201222
21101010
21101010
21101010
21101010
10201222
22012211
10201222
10201222
20111020
02212110
22012211
02212110
02212110
02212110
22012211
02212110
20111020
02212110
22012211
10201222
10201222
02212110
10201222
21001010
21001010
10201222
22012211
10201222
10201222
10201222
10201222
21101010
21101010
21001010
12202000
20111020
21001010
02212110
21001010
12202000
11101010
21001010
21001010
11101010
21001010
10201222
