12212110
12212110
12110102
22102012
21002012
21002012
00221001
02220002
02121012
12110102
00221001
12212000
12212000
12212000
12212000
12212000
12212000
12212000
12212000
12212000
12212000
12212000
12212000
12212000
12110102
12110102
12110122
12110102
12110102
12212000
12110102
00222221
12212000
00222221
12212000
12212000
12212000
00222221
12212000
02110102
12212000
12212000
12202000
12212000
02110102
02110102
12110102
02110122
00222221
12212000
12212000
12212000
12212000
12212000
12212000
12212000
12212000
12110102
12110102
