11110202
11110202
22111012
20212210
20212210
02121012
11020202
11012022
20210021
11210210
12212000
12212000
12212000
12110102
02220002
02220002
12212000
12212000
12212000
12212000
12212000
12212000
12212000
12212000
12212000
12212000
12212000
12212000
12212000
12212000
22012211
12110102
11110102
11110102
11110102
11110102
12110102
12212000
12212000
12211000
12211000
12211000
12211000
12211000
12211000
12211000
12212000
12212000
12212000
12212000
12212000
12212000
12212000
12212000
12212000
12212000
12212000
10110102
10110102
