01100020
01100020
02112202
00222221
00222221
01120022
00222221
20222112
20222112
20222112
20222112
20222112
12201110
12201110
12201110
12201110
00222221
12201110
12201110
11201110
12201110
00222221
10022101
10022201
10022101
10022101
10022101
12201110
12201110
12201110
11201110
12201110
12201110
12201110
12201110
12201110
12201110
12201110
12201110
12201110
12201110
12201110
12201110
12201110
12201110
12201110
12201110
11122202
11122202
11122202
11122201
11122201
11122202
11222202
11122202
11122201
11122202
11122202
11122202
