10102121
10102121
11102021
22002102
00010101
12022101
11102021
20110000
11102021
11102021
20110000
10022101
11102021
10022101
10022101
10022101
10022101
10022101
10122101
10122101
10022101
10112101
10022101
10022101
10022101
10022101
10022101
10022101
10022101
10022101
10022101
22012211
10022101
22012211
22012211
22012211
22012211
10022100
10022100
10022100
10022100
00212112
22012211
00212112
22012211
00212112
00212112
22012211
22012211
00212112
00212112
00212112
22012211
22012221
00212112
22012211
01000020
11122202
01000020
