10201121
10201121
01120022
20222112
21120120
01120022
01120022
20222112
20222112
20222112
20222112
20222112
20222112
12201110
12201110
12201110
10022101
12201110
12201110
11201110
12201110
12201110
10022101
10022101
10022101
10022101
10022101
12201110
12201110
12201110
11201110
12201110
12201110
12201110
12201110
12201110
12201110
12201110
12201110
12201110
12201111
12201110
12201110
12201110
12201110
12201110
12201110
11122202
11122202
11122202
11122201
11122201
11122202
11122201
11122202
11122202
11122202
11122202
11122202
