22211010
22211010
21210211
11020111
02000011
02220002
02220002
22220002
12110102
12110102
12110102
21002012
21002012
21002012
12110102
02220002
02220002
12110102
02220002
12110102
02220002
10220210
02220002
02220002
11110102
11110102
12212000
11110102
12212000
12212000
12222000
12222000
12222000
12212000
12110102
12212000
02110102
12110102
12110102
12212000
12212000
12212000
12212000
22012211
02110102
12202000
12212000
12212000
12212000
12212000
12212000
12212000
12212000
12212000
12212000
12212000
12212000
10110102
10110102
