02201012
02201012
12212000
12212000
12212000
12212000
12212000
01212022
11012022
12212000
11012022
12212000
12212000
11012022
11012022
12212000
02220002
02220002
02220002
02220002
02220002
02220002
02220002
12212000
02220002
12212000
12212000
11110102
11110102
12110102
11110102
11110102
11110102
11110102
11110102
11110102
11110102
12110102
11110102
12212000
12110102
12212000
12212001
12212000
12222000
12212000
12212000
12212000
12212000
12212000
12212000
12212000
12212000
12212000
12212000
12212000
12212000
12212000
12211000
