00012120
00012120
20200111
21202222
20022022
12110102
12110102
02220002
02220002
12110102
12212000
10022020
10022020
10022020
12212000
12212000
12212000
12212000
12212000
12212000
02212110
02212110
02212110
02212110
02212110
02220002
02220002
12212000
12212000
12212000
12212000
12212000
12212000
12212000
12110102
22012211
11110102
12110102
11110102
12212000
12212000
12212000
12212000
12212000
12212000
12212000
12212000
12212000
12212000
12212000
12212000
12212000
12212000
12212000
10110102
10110102
10110102
10110102
12110102
