20120022
20120022
22221120
11210210
11212001
21002002
21002010
21002012
21002010
12202101
10222011
12202101
01220201
10220210
10220210
10220210
10220210
10220210
02012101
10220210
10220210
12110102
12110102
12110102
10220210
01220201
01220201
10220210
01220201
01220201
01220201
01220201
12220210
01220201
01220201
11122202
11122202
11122202
11122202
01220201
20201201
11122202
11122202
12212000
20201201
12201110
12201110
12201110
12201110
12201110
12201110
12201110
12201110
12201110
12201110
12201110
12201110
12201110
12201110
