22022121
22022121
02220002
02220002
02220002
21002012
02220002
02220002
02220002
21002012
11012022
11012022
21002012
02220002
21002012
12110102
12110102
11110102
11110102
12110102
12110102
12110102
02220002
12110102
12110102
02220002
12110102
12110102
12212000
12212000
12212000
12212000
12212000
12222000
12110102
12212000
12212000
12212000
12212000
12212000
12212000
12212000
12202000
12202000
02110102
02110102
12110102
12211000
12212000
12212000
12212000
12212000
12212000
12212000
12212000
12212000
12212000
12212000
12212000
