00212221
00212221
10011001
00111120
00111120
22001211
22001211
01000020
01000020
01000020
01000220
01000220
01000020
01000020
01000010
01000020
21100211
11122202
21100211
01200020
00212002
11122202
11122202
01000020
01020020
11122202
11122202
11122202
01000020
11122202
01000020
01000020
01000020
11122202
11122202
11122202
11122202
11122202
11122202
10122202
11000020
10122202
11000020
01000020
01000020
01000020
01000020
01000020
01000220
01000020
01000020
01000020
01000020
01000020
11122202
01000020
01000020
01000020
01000020
