00000100
00000100
12201110
12210221
12210221
12210221
12210221
12210221
12210221
10220210
12210221
10220210
10220210
12210221
20201201
02012101
02012101
02012101
02012101
02012101
01220201
02012101
10220210
01220201
12110102
10220210
10220210
01202212
10220210
01202212
01220201
01220201
10220210
10220212
10220212
10220212
01220201
01220201
01220201
01220201
01220201
12201110
11122202
20201201
20201201
00222221
12201110
12201110
00222221
12201110
00222221
20101201
12201110
12201110
12201110
11122202
11122202
11122202
12201110
