11110012
11110012
20022110
11200002
12101211
01011001
21010022
01011001
01011001
21010022
01011001
01011001
20110000
20110000
20110200
20110000
20110000
20110000
20110000
11102111
01000020
00212002
21222121
01000020
11000020
11000020
11000020
11000020
11000020
01020020
11122202
11000020
01020020
01000020
01000020
01020020
01000020
01000020
01020020
22111020
01000020
01000020
01000020
11122202
11122202
01000020
20111120
01000020
01000020
01000020
01000020
01000020
01000020
10022100
01000020
22012211
22012211
22012211
22012211
