01021101
01021101
21202222
21202222
02220002
22102200
22220002
22102200
22102200
22102200
12201110
22102200
12210221
12210221
12110102
12110002
12110102
11110102
11110102
12110102
11110102
11110102
12110102
12110102
12110102
02220002
12110102
02220002
12212000
11110102
00222221
12222000
00222221
00222221
00222221
00222221
12212000
12212000
12212000
02110102
22012211
12212000
12212000
12212000
12222000
12212000
12212000
12212000
12110102
12212000
12212000
12212000
12212000
12212000
12212000
12212000
12212000
12212000
12212000
