11211121
11211121
12002112
22012211
22012211
22012211
20121020
20121020
20121020
20121020
22012211
21101010
22012211
22012211
22012211
22012211
21101010
21101010
20111020
20111020
22012211
10201222
10201222
22012211
21101010
10201222
10201222
20111020
10201222
10201222
10201222
10201222
22012211
22012211
22012211
22012211
22111020
22012211
22012211
22012211
22012211
22012211
22012211
00212112
00212112
00212112
00212112
22012211
22012211
22012211
01000020
01000020
01000020
01000020
01000020
01000020
01000020
01000020
22012211
