00000000
00000000
22002102
11002112
20212011
10211201
20111011
20111011
12212000
10211201
10201122
10211201
10201222
10211201
10201222
20111020
10201222
10201222
20111020
10201222
20111020
20111020
20111020
20111020
20111020
20111020
20111020
20111020
20111020
20111020
20111020
20111020
10022101
20111020
20111020
22111020
22111020
01000020
22111020
22012211
01000020
11122202
11122202
11122202
01000020
01000020
01000020
01000020
11122202
01000020
01000020
10020100
11122202
10020100
10020100
11122202
01000020
01000020
01000020
