10202011
10202011
01222102
20021001
21020222
21020222
01000020
00212002
01000020
12201110
01000020
11102111
20222121
01000020
00212002
00212002
01000020
01000020
00212002
11102111
11102111
11000020
11000020
01000020
01000020
11000020
00212110
11122202
11122202
01000020
01000020
01000020
01000020
01000020
01000020
01000020
01000020
01000020
01000020
01000020
11000020
01000020
11122202
01220201
11122202
11122202
11122202
11122202
11000020
11000020
12111022
12201110
12201110
11122202
10020100
10020100
10020100
10020100
01000020
