22122121
22122121
02210120
02210120
02210120
00212002
00212002
00212002
11102111
00212002
00212002
00212002
00212002
00212002
00212002
01000020
00212002
01000020
01000020
11000020
01000020
11000020
11000020
11000020
00212002
00212002
00212002
11000020
20111020
11122202
11122202
11122202
11122202
11122202
20111120
01000020
01000020
22111020
01000020
11000020
01000020
20111120
20111120
01000020
01000020
11122202
11122202
11122202
11122202
11122202
11222202
01020011
12201110
11122202
10020100
10020100
01000020
10020100
01000020
