10220000
10220000
00020222
12110102
12110102
12110102
12110102
12110102
12110102
02220002
02220002
02220002
12110102
01212022
21002012
12212000
12212000
22110102
02220002
02220002
02220002
02220002
12212000
12212000
12212000
12212000
12212000
11110102
12110102
12212000
12212000
12212000
12212000
12212000
12212000
22012211
22012211
12110102
11110102
11110102
02110102
12212000
12202000
12202000
12212000
12202000
12110102
12110102
12222000
10110102
10110102
02212000
12110102
12110102
12110102
12110102
12110102
12110102
22002220
