01220212
01220212
02011122
00001020
22101020
01000020
01000020
01000020
01000020
01000020
01000020
01000020
01000020
00212002
01000020
01000020
00212002
01000020
00212002
01201020
00212102
00212102
00212112
00212112
00212102
00212110
00212110
00212112
11000020
11122202
12201110
11000020
11000020
01000020
11022202
01000020
11000020
11122202
11000020
11122202
11000020
01000020
01000020
10022100
11000020
01020021
11122202
11122202
01020021
12201110
01020021
12201110
01000020
11122202
01000020
01000020
11122202
01000020
01000020
