10221022
10221022
12110210
20202102
10100102
12110102
01101111
12220002
02220002
12110102
02220002
02220002
02220002
02220002
02220002
11012022
12212000
02220002
02220002
02220002
02220002
02220002
02220002
12212000
02220002
02220002
02220002
12110102
22012211
11102021
22012211
12212000
22012211
12212000
22012211
12222000
22012211
22012211
22012211
12211000
21101010
21101010
21101010
12212000
12212000
12212000
12212000
12212000
12212000
12212000
12212000
12212000
12212000
12110102
12212000
12212000
12110102
12110102
12110102
