20220101
20220101
21001001
11000211
11000211
21120120
02220101
01120022
12012212
12210022
02220101
12201110
01202212
12201110
11122202
11122202
11122202
01000020
01000020
11122202
01000010
01000020
01000020
11022202
01000020
01000020
01202212
01202212
11122202
11122202
11122202
10220210
10220210
10220210
11122202
10220210
11122202
11122202
20201201
20201201
11122202
11122202
11122202
11122202
11000020
12201110
11122202
12201110
20201201
20201201
12201110
12201110
11122201
11122202
11122202
11122202
11122202
11122202
11122202
