10120111
10120111
20111201
00202121
10120111
00202121
01000020
01000020
01000020
00212002
01000020
01000020
00212002
00212002
00212002
00212002
01000020
00212002
01000020
20110000
01000020
00212002
00212002
11122202
01020020
01020020
00212002
01020020
01000022
01000022
00212002
01000020
11122202
01000020
01020020
01000020
01020020
01020020
02000020
01020020
01000020
11122202
01020020
01000020
01000020
11122202
11122202
11122202
11122202
11122202
11122202
01000020
11112202
01000020
01000020
01000020
01000020
01000020
01000000
