22102102
22102102
01211220
10010222
11210210
12102012
11210120
11210120
12210221
12210221
12210221
12210221
12210221
12210221
12210221
12210221
12210221
12210221
12210201
12210221
10220210
12210221
20201201
01202212
10220210
20201201
20201201
11201110
01202212
12110102
10220210
01202212
01220201
01220201
12201110
12201110
12201110
01220201
01220201
11122202
11122202
11000020
11000020
01000020
01000020
01000020
01000020
01000020
01000020
01000020
01000020
01000020
01000020
01000020
01000020
10000100
10020100
10020100
10020100
