11111100
11111100
01212122
02011122
20111201
00202121
20111201
01100020
20111201
11122202
01000020
22001211
21222121
00212002
00212000
00212002
11102111
00212002
00212002
00212002
01000020
11000020
11000020
01020020
01000020
11122202
11000020
11122202
11122202
11122202
11122202
11122202
01020020
01020020
01020020
11122202
01000020
11122202
11222202
01020020
02000020
01000020
01000020
01000020
01000020
01000020
01000020
01000020
01000020
01000020
01000020
01000020
01000020
01000020
01000020
01000020
12201110
01000020
11122202
