22110101
22110101
01110001
00122012
12212010
11022000
20201201
11022000
11022000
11022000
11022000
11022000
11022000
02012101
21100211
20201201
20201201
20201201
21100211
01202212
12210221
20221201
01202212
12201110
12201110
01202212
11201110
01202212
01202212
01202212
01202212
01202212
01202212
20201201
12201110
12201110
12201110
12201110
11122202
11122202
11122202
11122202
11000020
11000020
11000020
11000020
12201110
20201201
12201110
20201201
20201201
12201110
12201110
11122202
12201110
11122202
20201201
20201201
20201201
