20100122
20100122
01121121
11102111
12010221
01000020
01000020
01000020
01000020
01000020
01000020
01000020
01000020
01000020
01000022
20110000
20110000
00212002
20110000
01000020
11000020
11000020
11122202
11000020
00212000
01020020
01020020
01022020
11000020
11000020
11000020
11122202
01000020
00212002
00212112
11122202
11122202
00212112
11122202
01000020
11122202
11122202
00212112
11122202
01000020
01020020
11122202
11122202
11122202
11122202
11122202
01000020
01000020
01000020
01000020
01000020
11122202
01000020
01000020
