10011112
10011112
00102021
00111120
00001020
01000020
01000020
01100020
10120111
11122202
11122202
11122202
11122202
20222121
11122202
00212002
11102111
00212002
00212002
00212002
01000020
11000020
11000020
01000020
01020020
11102111
11000020
11000020
12000020
01000022
00212002
01000020
00212002
11000020
01000020
01020020
01000020
01000020
11122202
01020020
20111120
22111020
11122202
11122202
01000020
11122202
11122202
11122202
11122202
11122202
11122002
01000020
11122202
01000020
10020100
10020100
10020100
10020100
10020100
