01021200
01021200
01212121
21010212
01112122
02012101
02212101
02012101
11022000
11022000
20201201
02012101
02012101
02012101
20201201
20201201
02012101
20201201
20201201
02012101
10220210
02012101
20201201
01202212
11122202
11122202
11122202
11222202
01202212
01202212
11122202
11122202
12210221
01202212
10220212
10220212
01220201
01220201
01220201
01220201
01220201
12201110
12201110
11222202
12201110
20201201
20201201
11121202
20201201
11122202
11122202
12201110
11122202
20201201
11122202
20201201
11122202
11122202
11122202
