22110112
22110112
00202121
01000020
01000020
01000020
01000020
00212002
01000020
01000020
01000020
00212002
00212002
00212002
01000020
01000020
00212002
01000020
00212002
01000020
11000020
01000020
11000020
11000020
11000020
11102111
11000020
11000020
11000020
11000020
11122202
11122202
11122202
01020020
00212112
11122202
00212002
01000020
22111020
11122202
01000020
11122202
11122202
11000020
01000020
01000020
01000020
01000020
01000020
01000020
01000020
01000020
11122202
01000020
01000020
01000020
01000020
12201110
01010020
