11122101
11122101
12212000
11012022
11012022
11012022
11012022
11212022
11012022
11012022
12212000
12212000
11012022
21022201
21022201
22001112
21022201
21022201
02212110
02212110
02212110
02212110
02212120
02212120
02212110
02212110
02212110
02212110
22012211
02212110
02212110
02212110
02212110
02212110
02212110
22012211
22012211
22022211
20111010
21001010
22012211
20111020
20111020
20111020
20111020
20111020
20111020
20111020
00212112
00212112
00212112
00212112
11101010
10201222
11101010
21001010
11101010
11101010
11101010
