11100122
11100122
02111221
10010200
02220002
20200111
12102012
11210120
02220002
12201110
12210221
12110102
12110102
12110102
12110102
12110102
02220002
12110102
02220002
02220002
02220002
12212000
12110102
12212000
12212000
12212000
12110102
12212000
12212000
00022221
00222221
00222221
00222221
00222221
00222221
00222221
12212000
00222221
12212000
12212000
12201110
12212000
11122202
12212000
12212000
12212000
12201100
12201110
12201110
12201110
11122202
20201201
12201110
12201110
12201110
12201110
12201110
12201110
11122202
