00111022
00111022
21021222
22212210
11102021
11102021
22021000
22021000
22011000
10022101
10022101
10022101
10022101
10022001
10022101
10022101
10022101
10022101
10022101
10022101
10022101
10022101
10022101
10022101
10002201
10022101
10022101
10022100
10022100
10022100
10022100
10022100
10022100
10022100
10022100
10022100
10022100
10022100
10022100
10022100
10022100
10022100
10022100
10022100
10022100
10022100
10022100
10022100
10022100
10022100
10222100
10022100
10222100
10222100
12201110
10020100
10022100
10020100
10020100
