12212000
12212000
20111011
12212000
20111011
20111011
22001112
20121020
21101010
22012211
22012211
22012211
20111020
01101210
01101210
01101210
10211201
10201222
22012211
22012211
20111020
20111020
20111020
22012211
22012211
22012211
21101010
21101010
10201222
10201222
10201222
10201222
10201222
10201222
22012211
10201222
22012211
22012211
22012211
22012211
22012211
22012211
02212110
02212110
02212110
02212110
02212110
02212110
02212110
02212110
22012211
22012211
22012211
20002220
22012211
22012211
22012211
22012211
20002220
