00120021
00120021
20210010
02220101
21100211
02220101
21100211
21100211
21100211
01202212
01202212
11122202
11122202
11122202
11122202
11122202
11122202
11122202
11122202
11122202
11122202
11122202
01000020
20021201
20021201
01202212
02012001
01202212
11122202
11122202
11122202
11122202
12210221
10220210
10220210
10220210
11122202
10220210
11122202
10220210
11122202
11122202
11122202
12201112
12201110
11122202
12201110
12201110
20201201
12201110
11122202
20201201
11122202
11122202
11122202
12201110
11122202
20201201
11122202
