11122202
11122202
21022002
20211221
22001112
22220222
00212002
01201120
12212000
22012211
22012211
22012211
22012211
01101210
20122221
22012211
01101210
01101210
20110200
21101010
20110200
11102111
20110200
11102111
11102111
22012211
21101010
21101010
21101010
22012211
22012211
22012211
22012211
22012211
22012211
02212110
22012211
20111020
02212110
20111020
20111020
22012211
22012211
22012211
20111020
12202000
20111020
20111020
12202000
21001010
10201222
12202000
11101010
00212112
11101010
11101010
21001010
21001010
00212112
