01001100
01001100
02121012
11020202
11020202
11020202
11020202
11020212
11020202
20210021
20210021
01212022
12212000
00221001
00221001
00221001
01212002
00221001
12212000
12212000
12212000
12212000
12110102
12110102
12212000
12110102
12212000
12110102
00222221
12110102
12110102
00222221
00222221
12212000
12110102
12212000
11110102
12110102
00222221
02110102
12212000
02110102
02110102
12212000
12212000
00222221
12212000
02110102
12212000
12212000
12212000
12212000
12212000
12212000
12212000
12212000
12212000
12212000
12212000
