00221001
00221001
10100111
20222111
12212000
11012022
12212000
11012022
11012022
20210021
11020202
12212000
01212022
11012022
00221001
01212002
01212002
00221001
02220002
12212000
12212000
12212000
12212000
12212000
02220002
12212000
12212000
12212000
12212000
12212000
12212000
12212000
12212000
12212000
12110102
22012211
22012211
12222000
12110102
12212000
12202000
11110102
12212000
12110102
12212000
12212000
12211000
12212000
12212000
12212000
12212000
12212000
12212000
12212000
12212000
12212000
12212001
12212000
12212000
