21121212
21121212
02220101
11102021
22021000
11102021
22021000
22021000
10022101
10022101
10022101
10022101
10022101
10022101
10022101
10022101
10022101
10022101
10022101
10022101
10022101
10022101
10022101
10022101
10022101
10022100
10022100
10022100
10022100
10022100
10022100
10022100
10022100
10022100
10022100
10022101
10022100
10022100
10022100
10022100
10022100
10022100
10022100
10022100
10022100
10022100
10022100
10022100
10002100
10022100
10022100
10022100
10222100
10022100
10022100
10022100
10022100
10022100
10022100
