11120220
11120220
00222100
12202101
12021212
12202101
12202101
12202101
12202101
20222011
21002010
21002010
21002010
20201201
00112101
10220210
12210221
10220210
10220210
02012101
10220210
02012101
10220210
10220210
02012001
20201201
10220210
01202212
01202212
01202212
20201201
20201201
10220210
11122202
20201201
20201001
20201201
20201201
12201110
12201110
12201110
12201110
12212000
12212000
01220201
20201201
12201110
11122202
12201110
11122202
12201110
12201110
02201110
02201110
12212000
12212000
12212000
12212000
12212000
