22001000
22001000
10102210
01220201
22212101
22212101
22212101
21010022
12201110
12201110
20201201
00111120
20201201
01202212
11122202
11122202
11022000
11122202
11122202
01000020
11122202
20201201
20201201
20201201
01202212
12110102
02012001
01202212
01202212
11122202
11122202
11122202
11122202
11122202
20201201
11122202
11122202
11122202
11122202
10220210
11122202
11122202
11122202
11122202
11122202
12201110
11000020
12201110
11122202
12201110
11122202
11122202
12201110
11122202
11122202
11122202
12201110
11122202
11122202
