10112000
10112000
21200112
21010022
21010022
22212101
22212101
22212101
21010022
12201110
12201110
12201110
12201110
12201110
12201110
00111120
00111120
00111120
12201110
12201110
12201110
12201110
12201110
12201110
01202212
01202212
01202212
01202212
11122202
11122202
11122202
11122202
11122202
11122202
11122202
11122202
11122202
11122202
11122202
11122202
11122202
11122202
11122202
11122202
11122202
11122202
11020020
20201201
20201201
01000020
11122202
11122202
11112202
11122222
11122202
20201201
11122202
22201201
22201201
