20111222
20111222
01022010
12212000
12212000
11012022
12212000
12212000
01212022
01212022
01212022
01212022
12110102
02220002
12212000
12212000
12212200
12212000
12212000
12212000
12212000
12212000
12212000
12212000
12212000
12212000
12212000
12110102
12212000
11110102
11110102
12212000
12211000
12211000
12211000
12211100
12211000
21101010
12211100
21001010
12211000
21101010
21101010
21101010
21101010
21101010
21001010
12002000
21101010
21001010
21101010
02212110
21101010
11101010
00212112
11101010
21101010
11101010
11101010
