22001210
22001210
12201110
10221200
02201101
02201101
02201101
02201101
01000020
00212002
01000020
00212002
00212002
00212002
01000020
00212102
11102111
00212102
00112102
00212102
11102111
00212102
00212102
00212102
11102111
01000020
01000020
11122202
01000020
01000020
00212112
10022101
10022101
11122202
00212112
00212112
00212112
00212112
10022100
10022100
11122202
00212112
01000020
01000020
01000020
01000020
01000020
01000020
01000020
01000020
01000020
01000020
01000020
01000020
10020100
11122202
11122202
01000020
01000020
