22222222
22222222
22222222
22222202
22222222
22222222
22222121
02212222
12222222
12221200
22221021
02221222
22221021
02221222
00211222
12222112
12122022
12220212
02222220
22022121
22022021
22022021
22222200
22222220
22220010
21220100
02102201
21021011
22002102
22200000
20021010
21001010
21021010
21001010
01020011
02202110
22202201
22012221
01221120
02221220
01021120
10000111
01021120
01022120
02201222
12120120
22100200
22100201
22020211
11120221
11100221
11020221
11120221
21120210
22120201
21020201
20000012
11020201
11110210
10120210
10110010
10110210
11110220
00221001
21121221
21021221
11122101
