22102010
22102010
21022002
10020011
11122202
20122221
22001112
22001112
22012211
22012211
20121020
22012211
22012211
22012211
22012211
01101210
22012211
22012211
22012211
21101010
22012211
22012211
22012211
10201222
20111020
22012211
22012211
21101010
22012211
02212110
20111020
20111020
20111020
20111020
21101010
21101010
22012211
20111020
20111020
20111020
20111020
22012211
22012211
22012211
22012211
20111020
12202000
20111020
12202000
21101010
21101010
21101010
12202000
12202000
11101010
11101010
11101010
11101010
00212112
