20022110
20022110
12020220
01202201
11020202
11020202
12110102
12110102
21002012
12110102
00020222
10010222
10010222
11012022
10010222
10010222
10010222
12210221
10220210
10220210
12110102
10220210
02220002
10220210
10220210
02220002
12212000
12212000
02220002
12110102
22012211
12212000
12110102
12212000
22012211
12110102
12212000
22012211
22012211
22012211
12222000
10222000
12212000
12212000
12202000
12212000
12110102
10212000
12212000
10212000
10110102
12110102
10110102
10110102
12212000
12212000
10110102
12110102
10110102
