02111100
02111100
21001022
20102022
21101010
11102111
01201120
01201120
01201120
20122221
20122221
22012211
22012211
22012211
22012211
22001112
22002211
22012211
22012211
22012211
22012011
21101010
22012211
22012211
20111020
22012211
21101010
22012211
21101010
21101010
21101010
22012211
20111020
22012211
20111020
22012211
20111020
20111020
20111020
20111020
20111020
20111020
21101010
22012211
22012211
21101010
21101010
20111020
20111020
12002000
10201222
21101010
11101010
12202000
21001010
11101010
11101010
11101010
12202000
