00010110
00010110
10021111
00001220
20001111
12201110
21020222
01011001
01011001
11102111
01011001
11102111
00212002
01000020
01000020
01000020
01000020
01000020
11000020
01000020
11000020
11000020
11000020
11000020
11000020
00212002
01000020
01020020
11000020
01000022
00212002
00212002
11122202
01020020
01000020
01000020
01000120
01000020
11122202
00212112
01000020
00212112
00212112
00212112
01000020
01000020
01000020
01000020
01000020
00212112
01000020
01000020
01000020
01000020
01000022
01020021
01000000
01000020
11122202
