01120121
01120121
20021110
10022200
01120201
01220201
21010022
12202101
12210221
10220210
10220210
01120201
01220201
01220201
21100211
20201201
10220211
10220211
01202212
01202212
01202212
01202212
01202212
12201110
12201110
12201110
20201201
20201201
20201201
01202212
20201201
01202212
01202212
12201110
12201110
12201110
20201201
20201201
10201201
20201201
20201201
20201201
11122202
11122202
11122202
11122202
11122202
11122202
11122202
11122202
11122202
22201201
22201201
11122202
11122202
12201110
12201110
12201110
12201110
