22210120
22210120
10101111
11012022
11012022
11012022
11012022
11012022
11012022
12212000
12212000
11012022
10201222
10201222
11012022
12212000
12212000
11012022
22012211
10201222
21101010
10201222
10201222
10201222
21101010
02212110
02212110
21101010
02212110
10201222
02212110
02212110
21001010
22012211
22012211
10201222
10201222
10201222
10201222
22212110
02212110
02212110
02212110
02212110
12211000
12211000
12211000
02212110
02212110
02212110
02212110
02212110
21001010
12212000
12212000
12212000
12212000
12212000
12212000
