02201011
02201011
11102021
11102021
22021000
11102021
11102021
11102021
10022101
10022101
10022101
10022101
10022101
10022101
10022101
10022101
10122101
10022101
10022101
10022101
10022101
10022101
10022101
10022101
10022101
10022100
10022100
10022101
10022100
10022100
10022100
10022101
10022100
10022101
10022100
10022100
10022100
10022100
10022100
10022100
10022100
10022100
10022100
10022100
10022100
10022100
12022101
10022100
10022100
10022100
10022100
10022100
10022100
10022100
10022100
10022100
10022100
10022100
10022120
