21220101
21220101
02112202
00222221
00222221
00222221
00222221
00222221
20222112
20222112
22021000
20222112
20222112
20222112
20222112
20222112
12201110
12201110
12201110
11201110
12201110
00222221
00222221
10022101
10022101
10022101
10022101
10022101
12201110
12201110
12201110
12201110
12201110
12201110
12201110
12201110
12202110
12201110
12201110
12201110
12201110
12201110
12201110
12201110
12201110
12201110
12201110
11122202
11122202
11122202
11122201
11122201
11122201
11122202
11122202
11122201
11122202
11122202
11122202
