21210122
21210122
01222102
11122202
20222121
20222121
20222101
01100020
00212002
00212002
01000020
01000020
01000020
01000020
01000010
11122202
11122202
11122202
01000020
01000020
01000020
01000020
01000000
01000020
00212112
11122202
01000020
11122202
11122202
01000020
11000020
01000020
01000020
01000020
11122202
11122202
21122202
11000020
11000020
01000020
01000020
01000020
01000020
01000020
01000020
01000020
11122202
11122202
11122202
11122202
01000020
11122202
11122202
12201110
11122202
12201110
12201110
12201110
12201110
