10010112
10010112
00100010
21022201
20002220
21022201
20002220
21022201
20002220
21022201
21022201
20002220
21022201
20002220
21022201
20002220
21022201
20002220
20002220
20002220
20002220
20002220
20002220
20002220
20002220
20002220
20002220
20002220
20002220
20002220
20002220
20002220
20002220
20002220
20002220
20002220
20002220
20002220
20002220
20002220
20002220
02212110
20002220
22002220
20002220
20002220
20002220
20002220
20002220
20002220
20002220
20002220
20002220
20002220
20002220
20002220
20002220
22012211
22012211
