21111202
21111202
21120101
10212121
10212121
20200111
11210210
02220002
02220002
12210221
12110102
21002012
21002012
12110102
11012022
02220002
02220002
10010222
11012022
02220002
02220002
02220002
02220002
02220002
12212000
12212000
12110102
12212000
12212000
12110102
12110102
12110102
12222000
12222000
12212000
12212000
12212000
12212000
02212000
12212000
12212000
12212000
12212000
12212000
10212000
12212000
12212000
12212000
12212000
12212000
12212000
12212000
12212000
12212000
12212000
12212000
12212000
12212000
10110102
