00112122
00112122
12120211
02000011
12110102
01011020
11020202
10100102
11020202
12212000
12212000
11012022
12212000
12212000
12212000
12212000
12212000
12212000
12212000
12212000
02220002
12212000
12212000
00022221
00222221
00222221
00222221
00222221
00222221
12212000
00222221
00222221
12201110
12211000
12211000
12211000
12212000
12212000
12212000
12212000
12212000
12212000
12212000
12212000
11212000
11212000
11212000
12201110
11212000
11212000
11212000
12201112
10110102
10110102
10110102
10110102
11122202
11122202
11122202
