00222100
00222100
01201112
00221101
11212001
12202101
12201110
12202101
12202101
01220201
21002010
20021110
12210221
12202101
10220210
11220210
10220210
10220210
20201201
02012101
02012101
01220201
20221201
20201201
20201201
01202212
12201110
01202212
20201201
20201201
20201201
12200110
12200110
10220210
10220210
00222211
00222211
00222221
00222221
00222221
12212000
02110102
12222000
12212000
12222000
12212000
12212000
12212000
12212000
12212000
12212000
12212000
12212000
12212000
12212000
12212000
12212000
12212000
12212000
