01002000
01002000
22101020
10120111
00202121
10120111
00202121
01000020
12101211
21010022
01011001
01000020
01011001
22001112
01010020
20110000
01010020
01000020
01000020
11000020
01000020
11000020
11000020
11000020
11000020
11000020
01020020
01020020
11000020
11000020
11122202
01000020
11122202
01020020
01000020
11122202
01000020
01000020
11122202
01000020
01000020
11122202
11122202
11122202
01000020
11122202
11122202
01000020
01000020
01000020
01000020
01000020
01020021
01000020
10020100
10020100
10020100
10020100
10020100
