21212112
21212112
12202101
01220201
12210221
01220201
12210021
01220201
01220201
01220201
21002010
00112101
21002010
20201201
20201001
01202212
00111120
02012101
02012101
02012101
10210221
11122202
12210221
01202212
10220210
01202212
12201110
01202212
20201201
01220201
20201201
12200110
12200110
20201201
00222221
00222211
12201110
00222221
00222221
00222221
12110102
12222000
12222000
12222000
12202000
12202000
12222000
12110102
12120102
12110102
12110102
12110102
12110102
12212000
12212000
12212000
12212000
12212000
20002220
