10021120
10021120
01112000
01120022
00222221
01120022
00222221
00222221
12201110
12201110
12201110
12201110
12201110
12201110
12201110
00222221
12201110
12201110
12201110
12201110
00222221
00222221
12201110
12201110
12201110
12201110
12201110
12201110
12201110
12201110
12201110
12201110
12201110
12201110
12201110
12201110
12201110
12201110
12201110
12201110
12201110
12201110
12201110
12201110
12201110
11122202
11122102
11122202
11122202
11122202
11122202
11122201
11122202
11122202
11122202
11122202
11122202
11122202
11122202
