11012011
11012011
11212012
20111011
10201222
10201222
10201222
10201222
10201222
10201222
10201222
10201222
10201222
10201222
22012211
10201222
22012211
10201222
10201222
22012211
10201222
10201222
21101010
22010211
10201222
10201222
02212110
21101010
10201222
22012211
21101010
10201222
22012211
22012211
22012211
22012211
22012211
10211222
22012211
22012211
22012211
20111020
22012211
22012211
20111020
20111020
20111020
22112211
00212112
00212112
00212112
00212112
12002000
10201222
12202000
11101010
11101010
12202000
01000020
