22100222
22100222
00010220
01202212
00010220
01202212
01202212
01202212
11122202
11122202
21100211
01202212
01202212
11122202
01011001
01011001
00212002
11122202
11122202
11102111
01000020
00212002
11122202
00212002
00212112
01000020
01000020
01000020
01000020
01000020
01000020
21122202
01000020
01000020
11122202
01000220
11122202
11122202
11122202
11000020
11000020
01000020
11000020
11000020
01000020
01000020
01000020
01000020
01000020
01000020
11122202
11122202
12201110
11122202
11122202
01000020
11122200
11122200
11122202
