01212210
01212210
12201110
12201110
12201110
22211212
22211212
12210221
12210221
12210221
12210222
12210221
12210221
12210221
12210221
12210221
12210221
12210221
12210221
12210221
12210221
02012001
01220201
12210221
01220201
02012101
01220201
01202212
20201201
12110102
10220210
11122202
11122202
20201201
01220201
20201201
11122202
11122202
12201110
20201201
01220201
20201201
11122202
11122202
20201201
20201201
12201110
20201201
12201110
12201110
12201110
12201110
12201110
12201110
12201110
12201110
12201110
12201110
20201201
