10122212
10122212
12212000
12212000
12212000
12212000
12212000
01212022
01212022
12212000
12212000
10201222
12212000
12212000
12212000
11012022
22110102
02220002
02220002
02220002
02220002
02220002
12212000
02220002
12212000
02220002
02220002
12212000
02220002
12212000
22012211
12212000
02220002
22012211
12211000
12211000
12211000
12211000
21101010
21101010
21101010
21101010
21101010
21101010
21101010
21101010
12212000
12212000
12212000
12202000
12212000
12212000
10110102
12212000
10110102
10110102
12110102
12110102
22002220
