01100020
01100020
12211210
01011121
01011121
12212000
12212000
22012211
20121020
20121020
00022012
22001112
22012211
22012211
10201222
21101010
21101010
21101010
02212110
22012211
10201222
20111020
22012211
02212110
02212110
02212110
02212110
21101010
21101010
21101010
21101010
21001010
21101010
11110102
21001010
21001010
21001010
21001010
21001010
21001010
20111020
02212110
02212110
02212110
02212110
02212110
02212110
21001010
02212110
21001010
02212110
21001010
01001010
21001010
12212000
12212000
21101110
21001010
21101010
