20002202
20002202
12120111
00001020
11022000
20201201
11022000
00111120
20201201
20201201
00111120
20201201
02012101
02012101
01202212
02012101
02012101
20221201
20201201
21100211
20221201
20221201
20221201
20201201
20201201
20201201
20201201
20201201
20201201
20201201
20201201
20201201
20201201
20201221
12201110
12201110
12201110
12201110
12201110
20201201
20201201
11122202
12201110
11122202
12201110
12201110
12201210
11122202
11122202
11122202
11122202
11122202
11122202
11122202
11122202
11122202
11122202
11122202
11122202
