21222221
21222221
21002012
21002012
21002012
02220002
02220002
02220002
21002012
02220002
02220002
12110102
12110102
12110102
12110102
12110102
12110102
02220002
12110102
12110102
02220002
02220002
02220002
12212000
12212000
12212000
12212000
12212000
12110102
12212000
12212000
12212000
12212000
12212000
12212000
12212000
12212000
12212000
12202000
02110102
02110102
12212000
12202000
12110102
12110102
12202000
12110102
12110102
12110102
12110102
12110102
12110102
12110102
10110102
12212000
12212000
12212000
12212000
12110102
