22001220
22001220
11120211
11022010
11022010
01011001
01011001
01011001
11102111
01011001
01011001
11002111
22012211
21101010
22012211
01101210
20111020
20111020
20111020
10201222
00111020
20111020
20111020
20111020
20111020
20111020
22012211
22012211
20111020
22012211
22012211
02212110
22012211
22012211
20111020
22012211
22012211
20111020
20111020
20111020
20111020
22012211
22012211
22012211
22012211
22012211
21101010
22012211
20111020
22012211
10201222
10201222
11101010
11101010
00212112
11101010
11101010
11101010
11101010
