10012210
10012210
20202212
20111201
01000020
01000020
01000020
00212002
01000020
00212002
00212002
00212002
00212002
01000020
00212002
00212002
01000020
01200020
00212002
01000020
11000020
01000020
01000020
11102111
00212002
00212002
00212002
00212002
20111020
11122202
11122202
11122202
11122202
11122202
01020020
01000020
11122202
01000020
11122202
01000020
11122202
00212112
00212112
01000020
11122202
11122202
11122202
11122202
11122202
11122202
11122202
11122202
11122202
01000020
12201110
01000020
01000020
01000020
01000020
