11111221
11111221
20021001
01122102
01000020
01000020
01000020
00212002
20222121
01000020
11102111
00212002
00212002
01000020
01000020
11102111
01000020
11102111
01102111
11102111
12102111
11102111
20110200
11102111
20110200
11102111
11102111
00212002
01000022
00212002
01000020
01000020
01000020
01000020
00212002
01000020
01000020
01000020
01000020
01000020
01000020
01000020
01000020
01000020
01000020
11122202
11122202
11122202
01000020
11122202
01000020
01000020
01000020
11122202
11122202
11122202
11122202
11122200
01000020
