21000211
21000211
11012022
11012022
11012022
11012022
11012022
11012022
11012022
11012022
11012022
11012022
11012022
12212000
11012022
12212000
12212000
12212000
12212000
12212000
12212000
02220002
12212000
12212000
02220002
02220002
02220002
02220002
12212000
11110102
12212000
11110102
11110102
12110102
12110102
12110102
12110102
12110102
12110102
12222000
00222221
22012211
12222000
12222000
12212000
12212000
12212000
12212000
12212000
12212000
12212000
12212000
12212000
12212000
12212000
12212000
12212000
12212000
12110102
