01022011
01022011
01011121
01121111
22012211
22001112
22012211
20121020
22001112
20121020
10201222
02212110
02212110
02212110
22001112
02212110
02212110
02212110
02212110
02212110
02212110
02212110
02212110
02212110
02212110
02212110
02212110
02212110
02212110
02212110
02212110
02212110
02212110
21001010
21001010
10201222
21001010
21001010
21001010
21001010
21001010
21001010
21001010
21101010
20111020
21101010
21001010
21001010
21001010
21001010
21001010
21001010
21001010
21001010
21001010
21001010
21001010
21001010
21001010
