20101210
20101210
01222102
20222121
11122202
11122202
11122202
11122202
11122202
11122202
11122202
11122202
21100211
21100211
21100211
01200020
00212002
00212002
01000020
11000020
01000020
11000020
11000020
11000020
11102111
00212002
01020020
11000020
01000020
00212002
01000020
11122202
01000020
01000020
01000020
01000020
01000020
01000020
01000020
01000020
01000020
01000020
01000020
01000020
01000020
01000020
00212112
01000020
11122202
01000020
01000020
01000020
11000020
01020011
01000020
01000020
11122202
01000020
10020100
