20122220
20122220
02201101
02201101
01000020
01000020
01000020
01000020
01000020
01000020
01000020
01000020
01000020
01000020
00212002
01000020
01000020
01000020
00212002
20110000
01000020
11122202
01000020
11000020
01020020
11122202
11000020
01020020
11122202
11122202
11122202
11122202
11122201
11000020
11122202
11122202
11122202
11122202
11122202
11122202
11122202
01000020
11122202
01000020
10022100
01000020
11000020
20111120
20111120
10022100
20111120
10020100
10020100
10020100
10020100
10020100
10020100
10020100
22201201
