10101210
10101210
00212002
12101222
10212002
22012211
22012211
22012211
22012211
21001112
22001112
22012211
21101010
22001112
22001112
22012211
20122221
22012211
20110000
22012211
22012211
10201222
20111020
20111020
20111020
20111020
20111020
20111020
22012211
21101010
21101010
21101010
22012211
21101010
22012211
02212110
22012211
20111020
20111020
20111020
20111020
12202000
21101010
22012211
22012211
21101010
20111020
12202000
12202000
00212112
21101010
21101010
00212112
11101010
11101010
11101010
11101010
00212112
01212110
