12120111
12120111
01012100
00212002
10012020
22220222
20121020
20121020
02212110
02212110
22001112
02212110
02212110
22001112
22001112
21022201
02212110
02212110
02212110
02212110
02212110
02212110
02212110
02212120
02212110
22012211
02212110
10201222
02212110
02212110
21001010
02212110
21001010
21001010
21001010
21001010
02212110
02212110
02212110
21001010
21001010
21001010
02212110
21101010
21101010
21101010
21001010
21001010
21001010
21001010
21101010
02212110
21001010
21001010
21001010
11121010
21101010
21101010
21001010
