20002100
20002100
00000112
21012220
11122202
11122202
11122202
11122202
11122202
11122202
11122202
21100211
21100211
21100211
21100211
21100211
21100211
21100211
01200020
01200020
01000020
01000010
00212102
01000020
00212112
00212102
11000020
00212112
11000020
11122202
11122202
11000020
11000020
11000020
21122202
11122202
11122202
11122202
11000020
21122202
11000020
01000020
01000020
01000020
01000020
01000020
11122202
01000020
11122202
01000020
01000020
01000020
01000020
10022100
01000020
01000020
01000020
22012211
22012211
