00221022
00221022
01202002
20001111
20001111
20001111
12101211
12101211
02101211
21010022
21010022
01000020
01000020
01010020
01011001
01000020
01011001
00212002
01200020
01000020
11000020
11000020
11000020
11000020
11000020
11000020
11000020
11000020
11000020
01000020
01000020
11122202
11122202
01020020
00212112
01000020
01000020
01000020
01000020
01000020
01000020
11122202
11122202
01000020
11000020
11122202
20111120
01000020
01000020
01000020
01000020
01020011
12201110
10020100
10020100
10020100
10020100
10020100
10020100
