10122102
10122102
21222201
21210010
21210010
11020202
12110102
02220002
12110102
00020222
02220002
11012022
12110102
12110102
11012022
10022020
10010222
10010222
12212000
22110102
02220002
02220002
02220002
12212000
12212000
12212000
11102021
12212000
11102021
22012211
12202000
12212000
12110102
12212000
12222000
12222000
12222000
12222000
12211000
22012211
21101010
21101010
21101010
12212000
12212000
21101010
12212000
12212000
12212000
12212000
12212000
12212000
12212000
12212000
12212000
12212000
12212000
12212000
12212000
