21211011
21211011
22000212
21121100
20221102
22101111
20221102
22101111
11212202
22101111
11212202
11212202
11212202
11212202
10022020
11212202
11212202
11102021
12212000
21022201
11212202
21022201
20002220
20002220
20002220
11102021
11102021
20002220
11102021
21002220
11102021
11102021
11102021
21002220
12211000
12211000
21101010
21101010
12211000
21101010
21101010
21101010
21101010
21101010
21101010
21101010
02212110
21001010
21101010
21101010
21101010
10201222
10201222
10201222
10201222
10201222
10201222
10201222
21101010
