10102100
10102100
11102021
11102021
11102021
11102021
12022101
11102021
20110000
10022101
10022101
11102021
10022101
20110000
10022101
10022101
10022101
10022101
10022101
10022101
10022101
10122101
10022101
10022101
10022101
10022101
10022101
10022101
10022101
10022101
10022101
10022101
22012211
22012211
22012211
22012211
10020101
10022100
10022100
10022100
10022100
10022101
00212112
00212112
12022101
00212112
00212112
00212112
22012211
10022100
10022100
10022100
10022100
10022100
10022100
10022100
10022100
11122202
10022100
