02220000
02220000
12212000
10022020
10022020
20221021
10022020
12212000
12212000
12212002
10022020
12212000
12212000
12212000
21022201
22001112
22001112
21002201
02212110
02212110
02212110
02020002
02220002
02220002
12212000
02220002
12212000
02220002
12212000
12212000
11110102
22012211
12212000
12211000
22012211
12211000
12211000
12211000
12212000
12211000
12211000
12211000
12211000
12211000
12211000
12211000
12211000
12212000
12212000
12212000
12212000
12212000
12212000
20002220
20002220
20002220
20002220
20002220
12212000
