00111101
00111101
01120022
01120022
01120022
12210022
12201110
12201110
12201110
12201110
12201110
20222112
12201110
12201110
12201110
12201110
12201110
12201110
12201110
12201110
12201110
00222221
12201110
12201110
12201110
12201110
10022101
12201110
12201110
20201201
12201110
12201110
12201110
12201110
12201110
12201110
12201110
12201110
12201110
12201110
12201110
12201110
12201110
12201110
12201110
11122202
11122202
11122202
11122202
11122202
11122202
11122202
11222202
11122202
11122202
11122202
11122222
11122202
11122202
