02211110
02211110
12222211
20201201
10222011
00112101
10222011
10222011
21002012
00111120
00111120
11022000
11022000
12202101
00111120
10220211
02012101
01202212
01202212
01202212
01202212
01202212
01202212
01202212
01202212
01202212
01202212
12200110
12200110
20201201
20201201
00222221
12200110
00222211
00222221
00222221
00222221
00222221
00222221
00222221
00222221
12212000
12212000
12212000
12212000
12212000
12212000
12202000
12110102
12110102
12201112
12201112
12201112
12201110
12212000
12112000
12212000
12212000
12112000
