20211000
20211000
20111011
22012101
22001112
22001112
22001112
22001112
20122221
22001112
20122221
22012211
20121020
20122221
01101210
20111020
20111020
20111020
20111020
20111020
20111020
20111020
20111020
20111020
20111020
20111020
22012211
20111020
20111020
22012211
21101010
22012211
20111020
20111020
22012211
22012211
02212110
22012211
22012211
22012211
20111020
20111020
02212110
02212110
22012211
20111020
10201222
20111020
20111020
20111020
22012211
20111020
00212112
00212112
12002000
00212112
22012211
00212112
21001010
