21200000
21200000
20022220
22210002
11102021
11102021
22021000
22210002
11102021
11102021
11102021
11102021
11102021
11102021
11102021
10022101
10022101
10022101
10022101
10022101
10022101
10022101
10022101
10022101
10022101
10022101
10022101
10022101
20002220
20002220
10022101
10022101
10022101
10022101
10022101
10022101
10022101
10022101
10022101
10022101
10022101
10022101
10022101
22002220
22002220
10022101
10022101
10022101
10022101
10022101
10002101
10022101
10022100
10022100
10022100
10022100
10022100
10022100
22002220
