01200100
01200100
10112122
10020011
20122221
20122221
22001112
22001112
22012211
22012211
22012211
22012211
22001112
22001112
22012211
20111020
22012211
22212211
22012211
22012211
22012212
22012211
22012211
22012211
22012211
10201222
10201222
22012211
10201222
10201222
21101000
22012211
22012211
22012211
22012211
22012211
22012211
22012211
22012211
22012211
22012211
20111020
22012211
22012211
20111020
20111020
22012211
20111020
00212112
01000020
00212112
21101010
12202000
11101010
10201222
11101010
00212112
11101010
00212112
