01021100
01021100
00010220
00010220
10222011
01202212
01202212
01202212
20222121
22001211
22001211
02201101
00212002
00212002
01000020
00212102
11102111
11102111
00212102
11102111
00212102
00212102
00212102
10022101
00212110
00212112
00212122
10022101
10022101
10022100
10022100
11122202
11122202
11122202
11122202
00212112
11122202
11122202
10022100
11122212
11122202
10022100
10022100
01000020
01000020
10022100
01000020
10022100
10022100
10020100
10020100
10020100
10022100
10020100
10000100
10020100
10020100
10020100
10020100
