01120220
01120220
10010222
10010222
11210120
10010222
22102200
22102200
22102200
22102200
12210221
12210221
12210221
12110102
12110102
12110102
12110102
12110102
12110102
12110102
12110102
11110102
12110102
12110102
02220002
12110102
12212000
12212000
12212000
12212000
12212000
12212000
00222221
12212000
12212000
12212000
00222221
00222221
00222221
12212000
12212000
12201110
12212000
12212000
12212000
12212000
12212000
12201110
12201110
12201110
12212000
12212000
12212000
12212000
12212000
12212000
12212000
12212000
12212000
