21200122
21200122
10011001
21000001
00111120
11022000
20201201
00111120
00112101
10222011
00111120
11022000
02012101
02012101
02012101
02012101
20201201
20201201
01202212
21100211
02012101
01202212
20201201
20021201
20221201
01202212
11122202
01202212
01202212
10220210
11122202
10220210
11122202
10220210
20201201
20201201
20201201
11122202
11122202
01220201
11122202
11122202
11122202
11122202
11000020
12201110
11122202
12201110
12201110
12201110
12201110
20201201
20201201
22201201
22201201
22201202
22201201
22201201
22201201
