00220120
00220120
02211100
21212112
21212112
12201110
21002012
21002012
12202101
12202101
22102012
12202101
11022000
12202101
00111120
10220211
02012101
01202212
01202212
01202212
01202212
01202212
01202212
01202212
01202212
01202212
12201110
00222221
12200110
20201201
00222221
00222221
00222221
00222221
00222221
00222221
10220210
00222221
00222221
11122202
20201201
20201201
20201201
20201201
11122202
20201201
20201201
11122202
12201110
12201110
11122202
20201201
11122202
12201110
20201201
12201110
20201201
11122202
11122202
