10011110
10011110
12212000
12212000
12212000
12212000
11012022
11012022
11012022
11012022
12212000
12212000
12212000
12212000
21022201
22001112
22001112
12212000
02212110
02212110
12212000
02212110
02212110
12212000
02212110
12212000
02202110
21101010
12212000
12202000
12212000
12202000
12212000
12202000
21101010
02212110
22012211
02212112
02212110
21101010
21001010
21101010
21001010
21001010
21001010
21001010
21001010
21101010
21001010
21001010
02212110
21101010
21001010
11101010
11101010
00212112
11101010
21101010
00212112
