00202012
00202012
00212002
11102111
11102111
11102111
11102111
11102111
00022012
00212002
00212002
21101010
20121020
22012211
22012211
10201222
22012211
02212110
21101010
10201222
21101010
10201222
21101010
22012211
10201222
21101010
21101010
10201222
21101010
10201222
10201222
10201222
22010211
22012211
22010211
22012211
22012211
22012211
22012211
22012211
22012211
22012211
22012211
22012211
22012211
02212110
20111020
02212110
02212110
02212110
02212110
22012211
22012211
22012211
20002220
22012211
21101110
21001010
11101010
