21120002
21120002
00122012
20121021
20201201
01112122
10222011
10222011
11022000
12202101
12202101
11022000
11022000
00111122
11022000
00111120
00111120
11022000
12201110
12201110
12201110
12201110
01202212
01202212
01202212
01202212
01202212
11122202
11122202
11122202
11122202
11122202
11122202
11122202
11122202
11122202
11122202
11122202
00222221
00222221
11122202
11122202
11122202
11122202
11122202
11122202
11000020
11122202
02201110
12201110
12201110
20201201
11112202
11112202
11112202
20201201
11122202
11122202
11122202
