00022021
00022021
21112222
01211012
10211201
01211012
10211201
20110000
01211012
10211201
10201122
10201222
10211201
10211201
10201222
20111020
10201222
10201222
20111020
20111020
20111020
20111020
20111020
20111020
20111020
20111020
20111020
20111020
20111020
20111020
20111020
20111120
20111120
20111120
22012211
22012211
10201222
22012211
21001010
02212110
02212110
02212110
02212110
02212110
21001010
02212110
21001010
02212110
21001010
02212110
12212000
12212000
12212000
12212000
12212000
12212000
12212000
20002220
10201222
