01120101
01120101
02121012
11020202
11002122
00000121
12110102
11012022
01011020
01011020
01011020
12212000
12212000
12212000
12212000
12212000
12212000
12212000
12212000
12212000
12212000
12212000
02220002
12212000
02220002
12212000
12212000
11110102
11110102
12212000
12212000
12212000
12212000
12212002
12212000
12212000
11110102
11110102
12110102
12212000
12212000
12212000
12212000
12212000
21101010
00222221
00222221
12212000
12222000
12110102
12110102
12212000
12201110
12201110
12212000
12212000
12212000
12112000
12112000
