20210110
20210110
02111221
11210210
21002012
21002012
21002002
12210221
12210221
21002012
12210221
12210221
12210221
12210221
12210221
00112101
20201201
01220201
01220201
02012001
20221201
01220201
12210221
01220201
10220210
01220201
10220210
10220210
20201201
01202212
01202212
01220201
20201201
01220201
01220201
01220201
00222221
01220201
00222221
00222221
00222221
11122202
11122202
11122202
11122202
00222221
12201110
00201201
11201110
12201110
12201110
12201110
12201110
12201110
12201110
12201110
12201110
12201110
12201110
