01221022
01221022
20100102
01222102
21202122
20222121
21012220
20222121
20222121
22001211
01000020
01000020
20222121
01000020
01000020
01000020
00212002
00212002
00212002
00212002
01000020
11000020
11000020
11000020
11000020
11102111
11000020
11000020
11122202
11000020
11000020
01020020
11122202
11122202
11122202
01000020
01000020
11000020
11000020
11122202
01000020
01000020
01000020
11122202
11122202
11122202
01000020
11122202
11122202
11122202
11122202
01000020
01000020
01020011
01000020
01000020
11122202
01000020
01000020
