00001120
00001120
21200112
12012212
12012212
12012212
12210022
12201110
12201110
12201110
12201110
12201110
12201110
12201110
12201110
12201110
12201110
12201110
12201110
12201110
12201110
12201010
12201110
12201110
12201110
12201110
11201110
01202212
12201110
12201110
12201110
12201110
12201110
12201110
12201110
12201110
12201110
12201110
12201110
12201110
12201110
12201110
12201110
12201110
12201110
11122202
11122202
12201110
12201110
11122202
11122202
22201201
22201201
12201110
12201110
12201110
10020100
10020100
10020100
