01102222
01102222
12022101
11102021
11102021
11102021
20110000
20110000
20110000
20110000
10022101
01011001
11102021
20110000
20110200
20110200
10022101
10022101
10022101
10022101
10201222
20111020
20122221
10122100
20111020
20111020
20111020
20111020
20111020
20111020
20111020
20111020
20111020
20111020
20111120
20111120
22111020
22012211
01000020
20111120
22111020
11122202
11122202
01000020
00212112
00212112
11122202
01000020
11122202
11122202
01000020
01000020
01000020
11122202
01000020
01020001
11122202
01000020
01000020
