02201100
02201100
01120022
01112000
00222221
00222221
00222221
00222221
20222112
20222112
22021000
20222112
20222112
20222112
20222112
20222112
12201110
12201110
12201110
12201110
00222221
00222221
00222221
00222221
11102021
10022101
10022101
00222221
12201110
12201110
12201110
12201110
12201110
12200110
12201110
12201110
12201110
12201110
12201110
12201110
12201110
12201110
12201110
12201110
12201110
12201110
12201110
12201110
11122202
11122202
11122202
11122201
11122201
11122202
11122202
11122201
11122202
11122202
11122202
