22221100
22221100
10220210
01220201
22212101
22212101
22212101
21010022
12201110
12201110
00111120
00111122
12201110
00111120
11022000
00111120
12201110
12201110
12201110
12201110
12201010
12201110
12201010
12201110
11201110
11201110
12201110
01202212
01202212
01202212
01202212
01202212
12201110
12201110
12201110
12201110
12201110
12201110
12201110
01220201
11000020
11122202
01220201
11000120
20111120
11122202
11122202
11122202
01000020
10022100
01000020
11122202
10020100
10020100
10020100
11122202
10020100
22201201
01000020
