10120212
10120212
20111011
20111011
20111011
22001112
12212000
22001112
22012211
20121020
20121020
22012211
01101210
22012211
22001112
20122221
20111020
20111020
20111020
20111020
20111020
20111020
20111020
20111020
20111020
20111020
22012211
20111020
20111020
22012211
22012211
22012211
20111020
22012211
22012211
20111120
10201222
10201222
10201222
20111020
12202000
20111020
20111020
20111020
20111020
20111020
20111020
20111020
21101010
12202000
12202000
21101010
00212112
11101010
11101010
21001010
12202000
11101010
11101010
