21022021
21022021
21210211
02010001
02220022
02220002
02220002
02220002
02220002
12110102
02220002
12110102
02220002
02220002
02220002
02220002
02220002
12212000
02220002
02220002
12110102
11110102
12110102
12110102
12212000
11110102
12110102
02220002
12212000
12212000
12210000
12212000
12212000
12212000
12212000
22012211
12110102
11110102
12110102
12222000
22012211
12222000
12222000
12212000
22012211
12212000
12222000
12212000
12212000
12110102
12212000
12201112
12201112
12212000
12212000
12201110
12212000
12212000
12212000
