12002210
12002210
00222221
22211212
00222221
00222221
00222221
00222221
00222221
00222221
00222221
00222221
00222221
12201110
12201110
00222221
00222221
00222221
00222221
00222221
00222221
00222221
00222221
00222221
00222221
00222221
00222221
00222221
00222221
00222221
12201110
12201110
12201110
12201110
12201110
12201110
12201110
12201110
12212000
12212000
12212000
12212000
12212000
12201110
12212000
12212000
12212000
12212000
11212000
11212000
11212000
12212200
12212000
12212000
10110102
10110102
11122202
11122202
11122202
