00112012
00112012
10101210
00212002
00212002
22012211
22001112
22012211
22012211
22012211
22012211
22012211
22012211
21101000
11012022
21101010
10201222
22012211
20111020
20111020
20111020
20111020
20111020
20111020
20111022
20111020
20121020
20111020
20111020
22012211
21101010
21101010
10201222
10201222
22012211
10201222
10201222
02212110
02212110
02212110
02212110
02212110
02212110
02212110
21001010
21101010
22012211
02202000
22012211
10201222
21101010
10201222
11101010
12202000
11101010
11101010
12202000
00212112
12202000
