11011221
11011221
10120101
10102210
02012101
02012101
02012101
11000211
22212101
20201201
20201201
01202211
21100211
21100211
02012101
02012101
02012101
01202212
01202212
01202212
01202212
01202212
01202212
01202212
12201110
12201110
20201201
20201201
20201201
20201201
20201201
20201201
12201110
12201110
20201221
12201110
12201110
12201110
12201100
12201110
20201201
12201110
12201110
11122202
11122202
12201110
11122202
11122202
11122202
11122202
11122202
11122202
11222202
11122202
11122202
11122202
11122202
11122202
11122202
