02020212
02020212
00001020
21000001
00001020
00112101
00112101
00112101
20201201
20201201
20201201
20201201
02012101
02012101
12202101
02012101
02012101
20201201
20221201
12022000
02012101
02012101
20201201
20221201
01202212
01202212
12210221
11122202
11122202
11122202
11122202
11122202
11122202
10220210
12210221
12210221
11122202
11122202
12201110
20201201
11122202
11122202
11122202
11122202
00222221
00222221
12201110
12201110
11122202
11122202
11122202
11122202
11122202
11122202
11122202
11122202
11122202
11122202
11122202
