12011122
12011122
00202012
00020100
12011122
01100020
22001211
01100020
22222121
22001211
22222121
20222121
11122202
01000020
01011001
11102111
11102111
11122202
11120202
11122202
01000020
21222121
01000020
01000020
00212002
01020020
11000020
11000020
11000020
11000020
11000020
11122202
00212002
01020020
01000020
01020020
01000020
01000020
01000020
01020020
22111022
22111020
11122202
01000020
11000020
11122202
11122202
11122202
11122202
11122202
11122202
11122202
11122202
11122202
01000020
11122202
01000022
01000020
01000020
