22111111
22111111
12200101
11012022
11012022
11012022
11012022
11012022
11012022
12212000
11012022
11012022
11012022
10201222
11012022
12212000
11012022
21012022
11012022
12212000
12212000
12212000
12212000
12212000
12110102
12212000
12110102
11110102
11110102
12212000
11110102
11110102
11110102
11110102
11110102
11110102
12212000
12212000
12212000
12110102
00222221
12212000
12222000
12212000
12202000
12202000
12202000
12212000
12212000
12120102
12212000
12212000
12110102
10110102
12110102
12110102
12110102
12110102
12110102
