10112211
10112211
20001111
20001111
20001111
20001111
01011001
12101211
01011001
02101211
02101211
01011001
01011001
01011001
01000020
00212000
01000020
01000020
01000020
00212002
00212002
01000020
21222121
00212002
00212002
01020020
11102111
01020020
00212002
01000022
00212002
01000020
01000020
11000020
01000020
01000020
01000020
01000020
01000020
01020021
01020020
11122202
11000020
22110022
01000020
01000020
01000020
01000020
01000020
01000020
01000020
01000020
01000020
01000020
01000020
01000020
01000020
01000020
01000020
