02200210
02200210
11210120
20021110
00222221
12102012
12201110
12201110
12201110
00222221
12201110
12201110
12201110
12201110
12210221
10010222
00222221
00222221
00222221
00222221
00222221
00222221
00222221
00222221
00222221
00222221
12201110
12201110
12201110
12201110
12201110
12201110
12201110
12201110
00222221
00222221
12201110
00222221
12212000
12212000
12212000
12201110
12201110
12212000
12201110
12212000
12201110
12212000
12212000
12212000
12212000
12212000
12212000
12112000
12112000
12112000
12212000
12201110
11122202
