00001001
00001001
12011210
01120022
20222112
20222112
20222112
20222112
20222112
20222112
20222112
20222112
12201110
10022101
10022101
10022101
10022101
10022101
10022101
12201010
12201110
12201110
10022101
10022101
10022101
10022101
12201110
12201110
12201110
12201110
12201110
12201110
12201110
10022101
12201110
10022100
12201110
10022100
10022100
10022100
10022100
10022100
10022100
10022100
12201110
12201110
12201110
12201110
12201110
10022100
10022100
12201110
12201120
12201110
10222100
10022100
10222100
10022100
10022100
