22122101
22122101
22120001
01121111
22001112
22001112
22012211
22012211
20122221
20122221
22001112
10201222
22012211
21101010
21101010
21101010
21101010
02212110
02212110
02212110
02212110
02212110
02212110
02212110
22012211
22012211
02212110
02212110
21201010
02212110
02212110
02212110
02212110
21101010
21001010
21001010
22012211
21001010
21001010
21001010
21101010
20111020
10201222
10201222
21101010
20111020
12002000
22012211
21001010
21001010
21001010
21001010
01212110
01212110
21001010
21101010
21001010
21001010
00212112
