22000210
22000210
12102020
02000100
22102200
22102200
22102200
22102200
22102200
12201110
12201110
12210221
12210221
12210221
12210221
12210221
12110002
12110102
11110102
11110102
12110102
11110102
12110102
12110102
10220210
02012101
02012101
01202212
12110102
12210221
01202212
10220210
10220210
20201201
20201201
20201201
20201201
20201201
20201201
20201201
20201201
11122202
11122202
11122202
11122202
11122202
11122202
11122202
11122202
11122202
11122202
12201110
11122202
11122002
11122202
11112202
12201110
12201110
12201110
