01021220
01021220
21020222
01122102
01000020
01000020
01000020
20222121
01000020
11102111
01000020
01000020
01000020
00212002
01000020
01000020
00212002
00212002
00212002
01000020
01000020
11000020
11000020
01000020
01000020
01000021
11122202
11000020
11000020
11000020
11000020
11122202
11122202
11122202
11122202
01000020
01000020
01000020
00212112
11122202
00212112
11122202
01000020
11122202
11122202
11122202
01000020
11122202
01000020
11122202
01000020
11122202
11122202
11122202
01000020
01000020
01000020
01000020
10020100
