12110211
12110211
20021001
21020222
11122202
10120111
02100111
02100111
21020222
02100111
21020222
11102111
00012002
00212002
00212002
01000020
00212102
11102011
00212102
11102011
10022101
11102111
00212102
00212102
00212112
10022101
00212110
00212112
00212112
00212112
10022101
10022101
00212112
11122202
00212112
00212112
00212112
00212112
00212112
11122202
11122202
11122202
11122202
10022100
01000020
01000020
01000020
01000020
01000020
01000020
01000020
01000020
10020100
10020100
10020100
10000100
10020100
11122202
11122202
