22001100
22001100
01120022
12210022
01120022
12201110
12201110
12201110
12201110
12201110
12201110
12201110
12201110
12201110
12201110
12201110
12201110
12201110
12201110
12201110
12201110
12201110
12201110
12201110
12201110
01202212
12200110
12201110
12201110
20201201
12200110
12201110
12201110
12201110
12201110
12201110
12201110
12201110
12201110
12201110
12201110
12201110
12201110
12201110
12201110
11122202
11122202
11122202
11122202
11122202
12212000
12212000
11122202
11122202
11122202
12212000
10122202
11122202
11122202
