10212101
10212101
01212121
22212210
22212210
11102021
22021000
22021000
22021000
11122202
10120111
02220101
11122202
02220101
02220101
10022101
10022001
10022101
10022101
10022121
10022101
11122202
10022101
11122202
10022101
12201110
11201110
10022101
10022201
10022100
12201110
10022100
12201110
12201110
12201110
12201110
12201110
12201110
12201110
12201110
12201110
12201110
12201110
12200110
12201110
12201110
12201110
11122202
12201110
12201110
12201110
12201110
12201110
12201110
10020100
10020100
10020100
10020100
10020100
