21111202
21111202
21111001
10110012
11022010
11022010
01011001
11022010
01011001
01011001
22012211
22001112
21010022
01000020
22012211
20110000
01000020
22012211
21101010
22012211
22012211
10201222
10201222
22012211
22012211
21101010
20111020
20111020
10022101
22012211
10022101
22012211
22012211
22012211
22012211
22012211
22012211
22012211
22012211
22012211
22012211
22012211
00212112
00212112
00212112
00212112
00212112
22012211
22012211
22012211
22012211
22012211
22012211
22012211
22012211
22012211
22012211
22012211
22012211
