21012000
21012000
11000211
21001001
11000211
21100211
11000211
11000211
02220101
02220101
02220101
22021000
02220101
11122202
12201110
11022000
00111120
00111120
00111120
10022101
12201110
11122202
12201110
12201110
01202212
01202212
01202212
01202212
11122202
11122202
11122202
11122202
11122202
11122202
11122202
11122202
11122202
11122202
11122202
20201201
11122202
11122202
11122202
11122202
11122202
11122202
11020020
20201201
12201110
12201110
20201201
11122202
20201201
20201201
11122202
12201110
11122202
22201201
22201201
