21122120
21122120
11012022
12212000
11012022
12212000
12212000
12212000
12212000
11012022
12212000
10201222
12212000
12212000
12212000
11012022
12212000
11012022
12212000
02212111
02212110
02212110
21101010
22012211
10200222
10201222
02212110
10201222
22012211
21101010
22012211
10201222
22012211
22012211
22012211
22010211
22012211
22010221
22012211
22012211
22012211
22012211
22012211
22012211
20111020
22012211
00212112
00212112
00212112
00212112
00212112
00212112
12002000
01000020
12202000
21001010
00212112
11101010
11101010
