22012120
22012120
21002012
11210210
21002002
11212001
21002012
21002012
21002012
21002012
12210221
12210221
20201201
22102012
00112101
00112101
00112101
00111120
01220201
02012101
01220201
02220201
10220210
02012101
12110102
20221201
02012001
01220201
01220201
01202212
10220210
01202212
01220201
01202212
20201201
12201110
12201110
12201110
12201110
11122202
11122202
11122202
11000020
11000020
11000020
11000020
11122202
12201110
12201110
11122202
12201110
12201110
12201110
12201110
12201110
12201110
12201110
12201110
12201110
