21211210
21211210
11102202
12202101
12021212
12202101
10220210
10220210
10220210
12202101
11022000
10220210
12210221
02012101
00111120
01202212
02012101
02012101
20221201
20221201
02012101
01202212
01202212
01202212
01202212
01202212
11122202
11122202
11122202
11122202
11122202
11122202
11122202
11122202
12210221
11122202
11122202
12201110
12201110
20201201
11122202
11122202
11122202
11122102
00222221
00222221
11122202
20201201
11122202
11122202
11122202
12201110
11122202
11122202
11122202
11122202
11122202
11122202
11122202
