02222222
02222222
01120022
21120120
01120022
01120022
12201110
20222112
20222112
20222112
20222112
20222112
12201110
12201110
12201110
12201110
12201110
12201110
12201110
12201110
12201110
00222221
10022101
10022101
12201110
12201110
10022101
12201110
12201110
12201110
12201110
12201110
12201110
12201110
12201110
12201110
12201110
12201110
12201110
12201110
12201110
12201110
12201110
12201110
12201110
12201110
11122202
11122202
11122202
11122202
11122202
11122202
11222202
11122202
11122202
11122202
11122202
11122202
11122202
