20101110
20101110
20200111
02220002
21202222
02220002
02220002
22102200
22102200
22102200
12201110
22102200
12210221
12210220
12110002
12110102
12210221
11110102
11110102
12110102
11110102
11110102
11110102
12110102
12110102
12212000
12212000
12110102
12212000
12212000
12212000
12212000
12212000
12212000
12212000
00222221
12212000
12110102
12110102
12212000
02110102
02110102
12212000
12212000
12212000
12212000
12212000
12212000
12212000
12212000
12212000
12212000
12212000
12212000
12212020
12212000
12212000
12212000
12112000
