20210122
20210122
12202101
12202101
12021212
12202101
12021212
12202101
12202101
12202101
21002010
12210221
10220210
12210221
12210221
20201201
00111120
00111120
20201201
10220210
01220201
02012001
02012001
11110102
10220210
12110102
10220210
12110102
10220210
10220210
01220201
01220201
01220201
01220201
01220201
01220201
01220201
01220201
01220201
01220201
11122202
01220201
11122202
11122202
11122202
11122202
11122202
12201110
11122202
11122202
11122202
11122202
11122202
11122202
12201110
10201201
20201201
12201110
20201201
