11210210
11210210
20221211
12010222
20221211
00020222
21002012
21002002
21002212
21000012
12210221
12210221
12110102
12110102
02220002
02220002
02220002
02220002
02220002
12110102
12110102
12110102
12110102
12110102
12212000
12212000
12212000
12212000
12212000
00222221
12110102
12110102
12110102
12110102
12212000
12212000
12110102
12212000
12212000
12212000
12212000
12212000
02110102
12212000
12212000
12212000
12212000
12212000
02110102
12212000
12212000
12212000
12212000
12212000
10110102
10110102
12212000
12110102
12110102
