02221021
02221021
21112222
10211201
01211012
01211012
10211201
01211012
10211201
10211201
10201222
10211201
10211201
10201222
20111020
10201222
10201222
10201222
20112020
10201222
20111020
20122221
20111020
20111020
20111020
20111020
20111020
20111020
20111020
10201222
10022101
10201222
10022101
11122202
22012211
22012211
22111020
22111220
20111020
22111020
22111020
01000020
22012211
20111020
21101010
20111020
12202000
21101010
12202000
20111020
12202000
12202000
00212112
11101010
12202000
12202000
00212112
11101010
01212110
