12211211
12211211
21020222
01000020
01000020
01000020
01000020
00202121
01000020
01000020
01000020
01000020
01000020
01000020
22001112
01000020
20110000
00212002
01000020
01000020
11000020
01000020
11000020
11000020
01002020
11000020
11000020
11000020
11000020
11000020
11122202
01020020
01020020
01000020
01000020
01000020
01020020
01000020
01000020
11122202
00212112
00212112
00212112
12000020
01000020
01000020
01000020
01000020
01000020
01000020
01000020
11122202
11122202
11122202
11122202
11122202
12201110
11122202
12201110
