22010111
22010111
00222221
10010222
22211212
11210120
00222221
00222221
00222221
00222221
10010222
00222221
00222221
10010222
10010222
00222221
00222221
00222221
00222221
00222221
00222221
00222221
00222221
00222221
00222221
00222221
12201110
00222221
12201110
00222221
00222221
12201110
00222221
00222221
00222221
00222221
00222221
00222221
00222221
12212000
12212000
12212000
12201110
12212000
12212000
12201110
12201110
12201110
12201110
12201110
12201110
11122202
11122202
20201201
20201201
20201201
20201201
20201201
20201201
