01220202
01220202
22121202
20112112
22012211
22012211
22001112
21001010
20121020
22012211
22012211
21101010
22012211
22012211
22012211
22012211
10201222
10201222
10201222
10201222
21101010
10201222
10201222
02202110
22012211
20111020
20111020
22012211
22012211
22012211
22012211
22012211
22012211
22012211
22012211
22012211
22012211
20111020
20111020
20111020
20111020
20111020
21001010
21001010
21001010
02212110
21001010
02212110
02212110
21001010
02212110
21001010
21001010
21001010
21001010
21001010
21001010
21001010
21001010
