02112210
02112210
10020022
01121111
01121111
22220222
12212000
22012211
02212110
20121020
02212110
01101210
10201222
10201222
02212110
02212110
22012211
22012211
22012211
02202110
10201222
22012211
10201222
10201222
21101010
21101010
21101010
21101010
21101010
21101010
21001010
21101010
21101010
02212110
21001010
21001010
21001010
10201222
02212110
02212110
21001010
02212110
21001010
21001010
21001010
21001010
21001010
21001010
21001010
21001010
02212110
21001010
21001010
21001010
21001010
21101010
21001010
11101010
21001010
