02010222
02010222
11020111
21002012
11020111
12110102
01011020
00020222
02220002
12212000
12212000
12212000
12212000
12212000
12212000
12212000
12212000
12212000
12212000
12212000
12212000
02220002
12212000
12212000
02220002
12212000
12212000
11110102
11110102
11110102
11110102
12212000
11110102
11110102
11110102
12211000
11110102
11110102
12211000
12222000
12222000
12222000
22012211
12222000
12110102
12110102
12212000
12212000
12212000
12212000
12212000
12212000
12212000
12212000
12212000
12212000
12212000
12212000
12212000
