00020210
00020210
10001202
10022020
10022020
10010222
22101111
22101111
10022020
10022020
10022020
10022020
10022020
10022120
11102021
11102021
11102021
11212202
11102021
11102021
11102021
11102021
11102021
11102021
11102021
20002220
11102021
11102021
12212000
21002220
12212000
11102021
11110102
12211000
12211000
12211000
12211000
12211000
12211000
12211000
12211000
12211000
12211000
12211000
12211000
12211000
12110102
12211000
12211000
12211000
20002220
20002220
20002220
12110102
20002220
20002220
20002220
22012211
22012211
