20010202
20010202
02220002
02220002
00221001
12110102
02220002
02220002
12110102
02220002
12212000
12212000
12212000
12212000
12212000
12212000
12212000
12212000
12212000
02220002
02212111
02212111
02220002
02220002
12212000
12212000
12212000
12110102
12212000
12110102
12212000
12212000
12212000
12212000
12212000
22012211
12222000
12222000
12222000
12222001
12222000
12222000
12222000
12212000
12222000
12212000
12212000
12212000
12212000
12212000
12212000
12212000
12212000
12012000
12212000
12212000
12212000
12212000
12212000
