00102002
00102002
11212202
11212202
11212202
11212202
11212202
11212202
11212202
11212202
11102021
11102021
11102021
11102021
11102021
11102021
11102021
11102021
11102021
11102021
11102021
11102021
11102021
20002220
20002220
20002220
20002220
20002220
10022101
20002220
20002220
10022102
20002220
10022102
20002220
10022102
20002220
12201110
20002220
20002220
22002220
22002220
22002220
10022101
22002220
22002220
10022101
22002220
10022101
22002220
10022101
22002220
20002220
22002220
22002220
22002220
22002220
22002220
22002220
