20222020
20222020
01011020
20121020
20121020
20221212
01101210
01101210
00022012
00212002
21101010
00212002
10201222
11012022
22012211
21101010
21101010
21101010
10201222
21101010
10201222
10201222
10201222
20111020
10201222
21101010
21101010
21101010
02212110
02212110
21121010
02212110
02212110
21001010
21001010
21001010
21001010
21001010
21001010
02212110
02212110
21001010
22012211
21001010
21001010
21001010
21001010
21001010
02212110
02212110
21101010
21101010
12202000
11101010
21001010
21001010
21001010
22012211
21001010
