20210101
20210101
22102020
11020202
11020202
10100102
12110102
02220002
12110102
12110102
21002012
21002012
21022012
12110102
12110102
10010222
12110202
11012022
11012022
11012022
02220002
12110102
02220002
10220210
10220210
10220210
10220210
10220210
12110102
12110102
12110102
02220002
22012211
12110102
12212000
12212000
12212000
12212000
12212000
12212000
12212000
12212000
12212000
11212000
12212000
11212000
12110102
12212000
12212000
12201112
12201112
12212000
12212000
12212000
12212000
12212000
12212000
12212000
12212000
