00222101
00222101
21020222
01122102
21020222
00202121
00202121
01000020
01000020
01000020
01000020
01000020
01000020
01000020
00212002
01000020
01000020
00212002
00212002
01000020
01000020
00212002
01000020
11000020
01000020
11000020
01000020
00212002
01000020
11000020
11122202
00212002
01000020
00212002
11122202
11122202
00212112
00212112
00212112
00212112
00212112
11122202
11122202
01000020
01000020
01000020
11122202
11122202
11122202
11122202
11122202
01000020
01000020
01000020
01000020
01000020
01000020
01000020
01000020
