10100201
10100201
01001010
21111001
12022101
22002102
20110000
20110000
20010000
01011001
01011001
20110000
20110000
20110200
20110200
20110200
20110200
20110200
20110200
20110200
00212002
01000020
11000020
01000020
11000020
01000020
11102111
00212002
20111020
11122202
01020020
11000020
11122202
11122202
01020020
01000020
01000020
01020020
01000020
01000020
01000020
01000020
01000020
11122202
11122202
01000020
01000000
11122202
01000020
11122202
11122202
01000020
11122202
10020100
10020100
10020100
01000020
10020100
22012211
