11212200
11212200
00010200
00010220
01202212
01202212
01202212
11122202
11122202
01202212
01100211
21100211
21100211
01202212
00212002
22001211
00212002
01000020
00212002
01200020
00212102
00212102
00212112
00212102
00212102
00212102
00212110
00212112
00212112
12201110
11122202
11122202
11000020
11000020
11122202
11122202
11100020
11000020
11122202
11000020
11000020
11122202
11000020
11122202
11122202
11122202
01000020
01020021
01000020
01000020
11122202
11122202
01000020
11122202
10020100
11122202
11122202
11122202
11122202
