01111210
01111210
01001010
11022010
11022010
11022010
20122221
22001112
20122221
22001112
20122221
20122221
22012211
22001112
22001112
21101010
20122221
20111020
20111020
20111020
10201222
20110200
11102111
20110200
20111020
20111020
20111020
02212110
21101010
22012211
22012211
21101010
20111020
02212110
21101010
21101010
22012211
20111020
20111020
20111020
20111020
20111020
20111020
12202000
21001010
10201222
10201222
10201222
22012211
22012211
22012211
22012211
22012211
22012211
22012211
22012211
21001010
11101010
11101010
