00001111
00001111
02022212
21122200
22112011
11101201
22212101
22212101
00111120
20201201
00111120
20201201
12201110
01202211
21100211
02012101
00111120
02012101
01220201
02002101
10220210
10220210
10220210
10220210
12110102
12110102
12110102
01220201
01220201
01220201
01220201
20201201
20201201
01220201
11122202
11122202
12210221
11122202
11122202
00222221
11122202
11122202
11122202
11122202
11122202
12201110
12201110
11122202
11122202
11122202
11122202
11122202
11222202
11122202
11122202
11122202
11122202
11122202
11122202
