20111221
20111221
12201110
02210120
02201101
00212002
02201101
00212002
11102111
00212002
01000020
00212002
00212002
01000020
01000020
00212002
01000020
20202121
01000020
11102111
00212102
00212112
00212102
00212102
00212110
00212110
00212112
11000020
11000020
11122202
11000020
01000020
01000020
11022202
11122202
11122202
11122202
11122202
11120202
11122202
11000020
11000020
11000020
01000020
11122202
01220201
11122202
01000020
11122202
01000020
11122202
01000020
01000020
12201110
11122202
01000020
11122202
01000020
01000020
