20012200
20012200
01222102
20100102
11122202
01202212
11122202
11122202
11122202
11122202
11122202
11122202
21100211
21100211
21100211
21100211
21100211
21100211
21100211
21222121
11122202
11122202
01000020
11122202
11122202
11102111
11122202
11122202
00212002
11122202
11122202
11122202
11122202
11122202
01000020
01000020
01020020
02000020
01000020
11122202
00212112
00212112
00212112
01000020
01000020
01000020
11122202
11122202
01000020
01000020
11122202
11122202
10020100
10020100
10020100
11122202
11122202
11122202
22201201
