20102002
20102002
11110022
10012020
00212002
00212002
22012211
22012211
22012211
22012211
22001112
22012211
22012211
22012211
22012211
22001112
22012211
22012211
22012211
22012211
22012211
22012211
22012211
22012211
02202110
20111020
20111020
02212110
22012211
22012211
20111020
22012211
22012211
10201222
02212110
10201222
10201222
02212110
02212110
21101010
21101010
21101010
22010211
21101010
12202000
20111020
10201222
12002000
22012211
22012211
12211000
12211000
22012211
21001010
21001010
10201222
20002220
12202000
12202000
