10021011
10021011
20210021
21202222
20210021
21202222
01011020
01212022
01212022
12212000
01212022
00221001
01212022
00221001
00221001
10201222
12112000
12212000
12212000
12212000
12212000
12212000
12212000
12212000
02220002
12212000
12212000
11110102
11110102
12212000
12212000
12212000
12212000
12212000
12212000
12212000
12212000
12212000
12212000
12212000
12212000
12212000
12212000
12212000
12212000
02110102
12212000
12110102
02110102
00222221
12212000
12212000
12212000
12212000
12212000
12212000
12110102
12110102
22002220
