10001202
10001202
10010222
10010222
10010222
11210120
10010222
22102200
10010222
10010222
10010222
00222221
10010222
10010222
10010222
10010222
00222221
00222221
00222221
00222221
00222221
00222221
00222221
00222221
00222221
00222221
00222221
00222221
12201110
12201110
12201110
12201110
12201110
00222221
12201110
12201110
12212000
00222221
12212000
12212000
12212000
12201110
12212000
12212000
12201110
12212000
12201112
12212000
12212000
12212000
12212000
12212000
12212000
12201110
12212000
12112000
12212000
12212000
12212000
