10002022
10002022
12201110
12210221
12210221
12210221
12210221
12210221
12210221
10220210
10220210
10220210
01220201
00112101
00111120
11022000
00111120
01220201
02012101
02012101
01220201
02012001
01220201
10220210
01202212
01202212
20221201
12210221
11122202
11122202
11122202
11122202
11122202
11122202
10220210
11122202
11122202
11122202
11122202
01220201
01220201
20201201
20201201
20201201
01220201
11122202
00222221
01220201
12201110
12201110
12201110
12201110
12201110
12201110
12201110
12201110
12201110
12201110
20201201
