02220012
02220012
11121111
01020000
22210002
01020000
22210002
11102021
11102021
11102021
11102021
11102021
11102021
11102021
11102021
10022101
11102021
10022101
10122101
10122101
10022101
10022101
10022101
10022101
10022101
10022101
10022101
20002220
20002220
10022101
10022101
10022101
10022101
10022101
10022101
10022101
10022101
10022101
10022101
10022101
10022101
10022101
22002220
22002220
12022101
12022101
12022101
12020101
12022101
10022100
10022100
10022100
10022100
10022100
10022100
10022100
10022100
22002220
22002220
