10110021
10110021
00211102
11022000
11022000
11022000
11022000
10222011
10222011
00111120
02012101
02012101
02012101
02012101
20221201
20201201
20221201
10220210
20221201
20221201
20221201
01202212
01202212
01202212
11122202
11122202
11122202
11122202
20021201
01202212
20201201
20201201
01220201
01220201
12201110
12201110
12201110
12201110
12201110
12201110
12201110
12201110
12201110
12201110
12201110
12201110
12201110
12201110
11122202
12201110
20201201
11122202
11122202
11122202
12201110
20201201
11122202
11122202
11122202
