01011002
01011002
20100102
00010220
21202122
11122202
20222121
21012220
01100020
00212002
00212002
00212002
00212002
01000020
01000020
00212002
01000020
00212002
00212002
00212002
11102111
11102111
11000020
01000020
11000020
11102111
20110020
01020020
11000020
01000022
00212002
01000020
01000020
01000020
01020020
01000020
11122202
11122202
11122202
01000020
11122202
01000020
01000020
11122202
11122202
01000020
11122202
01000020
01000020
11122202
11122202
11122202
11122202
11122202
11122202
10020100
12201110
11122202
01000020
