22211002
22211002
01211012
11102021
22200202
00010101
12022101
11102021
20110000
11102021
11102021
20110000
10022101
10022101
11102021
10022101
10022101
10122101
10122101
10122101
10022101
10022101
10122101
10022101
10022101
10022101
10022101
10022101
10022101
10022101
10022101
10022101
10022100
10022100
10022101
10022101
10022101
10022101
10022101
10022101
12022101
12022101
12022101
12022101
12022101
12022101
12022101
10022100
10022100
10022100
10022100
10022100
10022100
10022100
10022100
10022100
10022100
10022100
10002100
