20022222
20022222
00222021
11102021
02122102
10022101
02122102
11102021
10022101
10022101
10022101
10022101
10022101
10022101
10022101
10022101
10022101
10022101
00212002
00212002
00212002
00212002
00212002
00212002
00212002
00212002
00212002
00212002
10022101
10022101
10022101
20111020
11122202
22012211
00212002
01000020
00212112
00212002
00212112
00212112
00212112
00212112
00212112
00212112
00212112
01000020
01000020
00212112
22012211
00212112
01000020
10022100
01000020
01000020
01000020
10020100
11122202
01000020
01000020
