02012112
02012112
12201110
12201110
12201110
12201110
01220201
22211212
12210221
12210221
12210221
12210221
12201110
12201110
10220210
10220210
10220210
10220210
10220210
10220210
12110102
12110102
12110102
12110102
12110102
10220210
10220210
10220210
10020210
10220210
00220201
10220210
10220210
01220201
01220201
20201201
20201201
20201201
20201201
20201201
00222221
20201201
01220201
11122202
00222221
00222221
11122202
11122202
11122202
20201201
11122202
11122202
11122202
11122202
11122202
11122202
11122202
11122202
11122202
