22200001
22200001
01120022
01120022
01120022
12201110
12201110
12201110
12201110
12201110
12201110
11201110
12201110
12201110
12201110
12201110
12201110
12201110
12201110
12201110
00222221
00222221
12201110
10022101
12201110
12201110
10022101
12201110
12201110
12201110
12201110
12201110
12201110
12201110
12201110
12201110
12201110
12201110
12201110
12201110
12201110
12201110
12201110
12201110
12201110
11122202
11122202
11122202
11122202
11122202
11122202
11122201
11222202
11122202
11122202
11122202
11122202
11122202
11122202
