02221102
02221102
10100001
10010222
22211212
11210120
00222221
00222221
00222221
10010222
00222221
00222221
00222221
12201110
10010222
00222221
00222221
00222221
00222221
00222221
00222221
00222221
00222221
00222221
00222221
00222221
00222221
00222221
00222221
00222221
12201110
12201110
12201110
12201110
12201110
12201110
12201110
12201110
12201110
12201110
12201110
12212000
12212000
12212000
12212000
11212000
11212000
11212000
11212000
11212000
12201112
12212000
12212000
12212000
10110102
10110202
11122202
11122202
11122202
