12101112
12101112
02201101
20111201
01000020
01000020
01000020
01000020
11102111
00212002
01000020
00212002
01000020
00212002
00212002
00212002
00212002
01000020
00212002
01000020
01000020
11000020
11122202
01000020
01000020
11122202
11122202
11122202
11000020
11122202
11000020
01020020
01020020
01020020
11000020
01000020
01020020
01020020
11222202
01000020
01000020
11000020
20111120
01020020
11122202
11122202
11122202
11122202
11122202
11122202
11122202
11112202
11122202
01020011
10020100
11122202
01000020
01000020
01000020
