20022110
20022110
12101211
21022000
02210120
12201110
01021001
01011001
01011001
11102111
11102111
01000020
00212002
01000020
01000020
00212002
00212002
01000020
01000020
01000020
11000020
11000020
20110000
11122202
11000020
11122202
11000020
11000020
11000020
00212002
11122202
01020020
11000020
11122202
01020020
11122202
01000020
01000020
01000020
11122202
01020021
20111120
20111120
01000020
01000020
11122202
11122202
11122202
11122202
11122202
11122202
11112202
11122202
11112202
01000020
01000020
01000020
10020100
01000020
