00111200
00111200
20111011
11212012
20111011
10201222
10201222
10201222
21101010
10201222
10201222
10201222
10201222
10201222
21101010
10201222
10201222
22012211
10201222
10201222
10201222
10201222
22012211
10201222
21101010
10201222
10201222
21101010
10201222
10201222
21101010
22012211
22012211
22012211
22012211
22010211
22010211
22012211
22010221
22012211
22012211
22012211
22012221
22012211
22012221
00212112
00212112
00212112
00212112
00212112
00212112
00212112
11101010
11101010
00212112
11101010
21001010
11101010
11101010
