12120211
12120211
11221212
01202212
01202212
01202212
01202212
01202212
01202212
01202212
01202212
10222011
02012101
02012101
01202212
02012101
20201001
10220211
01202212
12210221
01202212
01202212
01202212
01202212
01202212
01202212
11122202
11122202
11122202
11122202
11122202
11122202
11122202
11122202
11122202
11122202
11122202
10220210
10220210
11122202
11122202
11122202
11122202
11122202
10220210
20201201
20201201
20201201
20201201
20201201
20201201
11122202
11122202
11112202
11122202
11122202
12201110
11122202
20201201
