20201021
20201021
02222100
00010101
12022101
21010022
22002102
01011001
20110000
01011001
01011001
20110000
20110000
20110200
20110200
20110200
10022101
10022101
10022101
00212002
20111020
00212002
01000020
01000020
00212002
00212002
20111020
00212002
20111020
11000020
20121020
11122202
20111120
20111120
20111120
20111120
10201222
20111010
20111010
12202000
22012211
22012211
22012211
21101010
22012211
22012211
22011211
10201222
20111020
20111020
20111020
00212112
00212112
12002000
00212112
21001010
21001010
21001010
21001010
