22111002
22111002
12010200
02212110
02212102
22220222
00022012
12212000
12212000
21101010
22012211
20122221
22012211
21101010
21101010
21101010
10201222
22012211
21101010
20111020
22012211
20111020
20111020
20111020
20111020
21101010
10201222
21101010
10201222
10201222
10201222
10201222
10201222
22010211
22012211
10201222
22012211
21001010
22012211
02212110
02212110
02212110
02212110
02212110
02212110
02212110
02212110
02212110
02212110
22012211
22012211
22012211
20002220
22012211
22012211
22012211
22012211
22012211
22012211
