00100001
00100001
21011012
02012101
21200112
02012101
02012101
02012101
02012101
11000211
21010022
01202212
21100211
20201201
21100211
02012101
02012101
12210221
01220201
01220201
10220210
02012101
10220210
02012101
10220210
10220210
10220210
10220210
12110102
01220201
10220210
10220210
01220201
01220201
00222221
00222221
20201201
12210221
20201201
01220201
20201201
01220201
20201201
20201201
11122202
20201201
11122202
20201201
20201201
11122202
00222221
11122202
11122202
20201201
11122202
20201201
11122202
11122202
20201201
