21010022
21010022
22220001
11102021
11102021
12101211
01011001
21010022
10022101
10022101
01011001
01011001
11102111
10022101
00212002
01000020
10022201
11102111
00212002
00212022
00212002
00212002
00212002
00212002
00212002
00212002
00212002
00212002
00212002
20111020
20111020
20111020
11122202
00212002
00212002
01000020
00212002
00212002
00212002
00212112
00212112
11122202
00212112
11122202
01000020
00212112
22012221
00212112
00212112
00212112
00212112
12202000
00212112
11101010
12202000
12202100
11101010
00212112
11101010
