10210001
10210001
11211211
22102012
21002012
21002012
11020202
21002012
02220002
02220002
12110102
10010222
02220002
11012022
11012022
11012022
10010222
02220002
11012022
02220002
12110102
10220210
02220002
10220210
10220210
10220210
10220210
12212000
12212000
12212000
12212000
12210000
12212000
12212000
12212000
12212000
12212000
12212000
00222221
12212000
02110102
12212000
02110102
12212000
12212000
12212000
02110102
12212000
12212000
12110102
12212000
12212000
12212000
12212000
12212000
12212000
12212000
12212000
12212000
