01212202
01212202
00212002
00212002
00212002
20121020
20121020
20121020
02212110
20121020
22012211
20111020
22012211
22012211
20122221
02012211
01101210
01101210
20110200
21101010
11102111
20110200
11102111
11102111
11102111
22012211
11102111
21101010
22012211
22012211
22012211
22012211
22012211
22012211
22012211
22012211
22012211
10201222
02212110
02212110
02212110
02212110
02212110
02212110
02212110
02212110
22012211
02212110
02212110
22012211
22012211
22012211
21001010
10201222
10201222
21001010
10201222
21001010
11101010
