20111122
20111122
21020222
12010221
20021001
01000020
01000020
01000020
01000020
01000020
01000020
01000020
01000020
01011001
01000020
00212002
01000020
01000020
11000020
01000020
11000020
01000020
01000020
11000020
11000020
11000020
01020020
01000020
01000020
01000020
11122202
11122202
01000020
01000020
11000020
11122202
01000021
11000020
11000020
12000020
01000020
01000020
01000020
01000020
01000020
01000020
01000020
01000020
01000020
11122202
11122202
11122202
01000020
11122202
12201110
01000020
01000020
11122202
01000020
