01101111
01101111
20222111
21210010
01202201
11020202
11020202
22102012
01212022
01212022
00221001
11012022
11012022
11012022
12212000
12212000
01212002
01212002
02220002
02220002
02220002
02220002
12212000
12212000
12212000
12212000
12212000
11110102
12212000
12212000
12212000
12110102
12110102
11110102
12110102
11110102
12110102
12222000
12222000
22012211
00222221
12222000
12222000
12202000
12222000
12202000
12110102
11212000
12212000
12201112
12201112
12201112
12212000
12212000
12112000
12112000
12112000
12212000
12112000
