00001112
00001112
22220001
00102112
01011001
01011001
01011001
01011001
20110000
01011001
01200020
22012211
01011001
22001111
22001111
22012211
22012211
22001112
22012211
22012211
22012211
20111020
20111020
20111020
20111020
20121020
20111020
20111020
22012211
21101010
22012211
21101010
22012211
22012211
21101010
21101010
22012211
20111020
20111010
20111020
22012211
22012211
20111020
20111020
20111020
20111020
21101010
12202000
20111020
12202000
21101010
00212112
12202000
21001010
10201222
21001010
21001010
10201222
21001010
