21201210
21201210
02122102
00010220
11200002
01202212
01222102
11122202
11122202
11122202
11122202
11122202
11122202
11122202
11122202
01000020
01000020
11122202
11122202
01000020
01000020
01000020
01000020
01000020
01000020
01000020
01202212
01202212
01202212
11122202
11122202
01000020
01000020
01000020
01000020
01000020
01000020
01000020
01000020
11000020
11000020
11000020
11122202
11122202
11122202
11122202
11122202
01020021
01020021
11122202
11122202
11122202
01000020
10020100
10020100
10020100
10020100
01000020
01000020
