00101120
00101120
11221212
11221212
01202212
12002011
01202212
01202212
21100211
21100211
11122202
20201201
20201201
01202212
10220210
01220201
11222210
12210221
10220210
10220210
10220210
10220210
12210221
10220210
10220210
10220210
10220210
01202212
12110102
12110102
10220210
01220201
10220210
20201201
01220201
10220210
11122202
01220201
01220201
11122212
11122202
11122202
12201110
12201110
12201110
12201110
12201110
12201110
12201110
12201110
12201110
12201110
11122202
12201110
11122202
11122202
11122202
12201110
11122202
