11010012
11010012
02102000
01011121
22012211
22001112
22001112
22001112
21101010
21101010
21101010
21022201
02212110
21022201
02212110
21022201
21022201
02212110
02212110
02212110
02212110
02212120
02212120
02212120
10201222
10201222
10201222
02212110
21001010
22012211
21001010
21001010
02212110
21101010
21001010
21001010
22012211
21001010
02212110
02212110
02212110
02212110
02212110
02212110
02212110
02212110
02212110
02212110
02212110
22012211
22012211
22012211
22012211
22012211
20002220
22012211
22012211
22012211
22012211
