21202120
21202120
01211220
02220002
02010222
20221211
11210210
02220002
21002012
00220002
12110102
21002012
02220002
02220002
21002012
12110102
02220002
02220002
12212000
02220002
12212000
12110102
12110102
12212000
12110102
12212000
12212000
12212000
02220002
12212000
12212000
02220002
22012211
22012211
12211000
12211000
12211000
12211000
22012211
21101010
21101010
21101010
21101010
21101010
21101010
21101010
21101010
12212000
10212000
12212000
12110102
12212000
10110102
10110102
10110102
10110102
10110102
11122202
10110102
