11111210
11111210
01001010
01011001
21010022
01011001
20110000
01011001
01011001
01011001
01011001
01011001
20110000
20110000
20110200
20110200
20110000
20110000
20110000
20110000
20110000
01000020
01000020
11122202
01000020
11000020
11000020
11000020
00212112
11122202
11122202
01000020
01000020
01000020
01000020
01000020
01000020
11000020
11000020
11000020
01000020
11000020
01000020
11000020
01000020
01000020
11122202
11122202
11122202
11122202
01000020
11122202
12201110
11122202
11122202
11122200
11122200
01000020
01000020
