02220000
02220000
21111001
10110012
11022010
21111001
01011001
10020011
20110000
22001112
01211001
22001112
22012211
21010022
22012211
20122221
20110000
21101010
22012211
22012211
22012211
22012211
22012211
22012211
22012211
02212110
10201222
22012211
21101010
21101010
21101010
10201222
22012211
22010211
22012211
22012211
22012211
22012211
22012211
02212110
02212110
02212110
02212110
02212110
20111020
20111020
20111022
20111020
20111020
20111020
20111020
00212112
00212112
21001010
21001010
00212112
21001010
21001010
01000020
