00101201
00101201
20200111
21202222
21202222
10022020
02220002
02220002
02220002
10010222
10010222
10010222
10022020
10010222
10010222
10010222
10010222
10010222
12010222
10010222
10010222
12201110
00222221
12201110
11102021
11102021
11102021
12212000
12110102
11110102
12212000
12201000
12212000
12202000
11110102
12222000
12212000
12212000
12212000
12211000
12211000
12212000
12211000
12211000
12212000
12212000
12212000
12212000
12212000
12212000
12212000
12212000
12212000
12212000
12212000
12212000
12212000
12110102
12110102
