22101112
22101112
22122112
21020222
10012002
10012002
01000020
02201101
01000020
00212002
00212002
00212002
00212002
00212002
00212002
00212002
01000020
00212002
01000020
00212002
01000020
01000020
21222121
00212002
00212002
01020020
01000020
11000020
11000020
11000020
01000022
00212002
11000020
01020020
11000020
01020020
11122202
01000020
01020021
22111020
01000020
01000020
01000020
01020020
11122202
11122202
11122202
11122202
11122202
11122202
11122202
11122202
01000020
01000020
01000020
01000020
01000020
01000020
01000020
