10100111
10100111
20221021
01022010
10100111
10100111
12110102
02111012
00221001
01212022
01212022
20210021
01212022
12110102
00221001
01011020
12212000
12212000
12212000
12212000
12212000
12212000
12212000
12212000
12110102
12222000
12212000
12212000
12110102
02220002
12212000
02220002
12212000
12212000
12212000
12212000
12212000
12212000
12212000
12212000
12110112
12212000
12212000
12212000
12110102
12110102
11212000
12202000
12110102
12110102
02110102
12110102
10110102
10110102
10110102
10110102
10110102
11122202
11122202
