21102221
21102221
11112022
11212012
10201222
10201222
10201222
10201222
10201222
21101010
21101010
21101010
22001112
21022201
11012022
22001112
21022201
21022201
02212111
02212111
02212110
02212120
02212120
10201222
10201222
22012211
10201222
10201222
21101010
21101010
22012211
22012211
20111020
22012211
20111020
20111020
22111020
22012211
00212002
00212002
00212112
22012211
00212112
22012211
00212112
00212112
00212112
00212112
01000020
01000020
01000020
01000020
01000020
01000020
01000020
01000020
01000020
01000020
01000020
