10102200
10102200
01212121
20210010
00010220
21100211
02220101
01202212
11122202
11122202
02220101
11122202
11122202
11122202
11122202
11122202
11122202
10022101
10022101
10022101
10022101
11122202
10022101
11122202
10022101
10022101
12201110
10022101
10022101
12201110
12201110
12201110
12201110
11122202
11122202
11000020
01202212
12201110
12201110
12201110
12201110
12201110
12201110
12201110
12201110
12201110
11122202
11122202
11122202
11122202
12201110
12201110
11122202
11122202
11122202
11122202
10020100
11122202
11122202
