11220112
11220112
00222221
00222221
00222221
00222221
00222221
00222221
00222221
00222221
00222221
12201110
12201110
12201110
12201110
00222221
00222221
12201110
12201110
11201110
11201110
12201110
11201110
12201110
00222221
00222221
12201110
00222221
12201110
12201110
00222221
12201110
12201110
12201110
12201110
12201110
12201110
12201110
12201110
12201110
12201110
12201110
12201110
12201110
12201110
12201110
12201110
12201110
11122202
11122202
11122202
11122201
11122201
11122201
11122202
11122201
11122202
11122202
11122202
