20012212
20012212
12102012
20021110
01120022
12201110
12201110
12201110
12201110
12201110
12201110
12201110
12201110
12201110
12210221
10010222
00222221
00222221
00222221
00222221
00222221
00222221
00222221
00222221
12201110
12201110
12201110
12201110
12201110
12201110
12201110
12201110
12201110
12201110
12201110
12201110
12201110
12201110
12201110
12201110
12201110
12201110
12212000
12201110
12212000
11212000
11122202
11122222
12201112
12201112
12201110
12212000
12212000
12212000
12212000
12212000
12212000
12212000
12212000
