00021210
00021210
12201110
12210221
12210221
12210221
01220201
01220201
12210221
12210221
10220210
01220201
12210221
12210221
12210221
12210221
00012101
10220210
01202212
01220201
02002101
02012001
02012001
10220210
01220201
10220210
10220210
10220210
12110102
01202212
01220201
01220201
01220201
01220201
10220212
12201110
01220201
01220201
01220201
12201110
01220201
11122202
01220201
01000020
01000020
01000020
01000020
11122202
01000020
01000020
01000020
11122202
11122202
01000020
12201110
01000020
11122200
11122200
01000020
