01201222
01201222
02220002
02220002
00221001
00221001
02220002
02220002
02220002
12110102
02220002
02220002
21002012
02220002
02220002
02220002
12212200
12212000
02220002
02220002
12110102
12110102
12212000
12212000
12212000
12212000
12110102
12212000
12212000
11110102
12212000
11110102
12211000
12211000
12211000
12211000
12211000
12211000
12211000
12211000
12211000
12211000
12211000
12211000
12211000
12211000
12211000
12212000
12212000
12212000
20002220
12211000
20002220
12212000
12212020
20002220
20002220
20002220
20002220
