21211222
21211222
10010222
10010222
10010222
10010222
10010222
22102200
10010222
10010222
10010222
10010222
10010222
10010222
10010222
10010222
11012022
11012022
00222221
12210221
00222221
00222221
00222221
00222221
00222221
00222221
00222221
00222221
12201110
12110102
00222221
12201110
00222221
00222221
00222221
00222221
00222221
00222221
12212000
02110102
12212000
12202000
12212000
02110102
02110102
02110102
12212000
12212000
12212000
12212000
12212000
12212000
12212000
12212000
12212000
10110102
12212000
12110102
12110102
