22022220
22022220
22022221
22022220
00202012
20111201
20222121
20222121
22001211
22001211
20222121
01000020
22001211
00212002
01000020
01000020
01200020
20222121
21222121
21222121
11000020
11122202
11122202
11122202
11122202
01000020
11122202
01000020
11122202
01000020
01000020
11000020
11122202
11122202
11122202
11122202
11122202
11122202
11122202
11122202
11122202
12201110
12201110
12201110
12201110
12201110
11122202
11122202
20111120
11122202
12201110
11122202
11122202
11122202
11122202
01020021
11122202
12201110
12201110
