20121201
20121201
02122102
11221212
00010200
00010220
11122202
01202212
11122202
11122202
11122202
11122202
11122202
11122202
11122202
11122202
11122202
01000020
11122202
01000020
01000020
01000220
01000020
01000020
00212102
01202212
01202212
11122202
11122202
11122202
11122202
11122202
11122202
11122202
11122202
11000020
11122202
01000020
01000020
01000020
01000020
01000020
01000020
01000020
01000020
01000020
01000020
01000020
01000020
01000020
01000020
01000020
01000020
01000020
01000020
22012211
22012211
22012211
22012211
