02202201
02202201
21002012
11210210
21002002
11210210
21002012
21002012
21002012
21002012
12110102
02220002
12110102
12110102
12110102
10010222
11012022
02220002
12212000
02220002
02220002
00222221
00222221
12110102
12212000
12212000
00222221
00222221
00222221
00222221
00222221
00222221
00222221
00222221
00222221
10220210
00222221
00222211
12212000
00222221
12212000
12212000
12212000
12212000
12212000
12212000
12211000
12212000
12212000
12110102
12212000
12212000
12212000
12212000
12212000
10110102
12212000
10110102
10110102
