21020121
21020121
12120220
20111011
11212012
10201222
10201222
10201222
10201222
10201222
10201222
10201222
10201222
10201222
21101010
10201222
22012211
22012211
22012211
20111020
20111020
22012211
20111020
20111020
22012211
21101010
21101010
10201222
10201222
22012211
10201222
22012211
22012211
22012211
22012211
10201222
22012211
22012211
22012211
22012211
22012211
22012211
02212110
02212110
02212110
02212110
02212110
02212110
02212110
02212110
22012211
22012211
22012211
22012211
20002220
22012211
22012211
22012211
22212211
