10022020
10022020
01221100
10022020
20221021
10022020
10022020
10022020
10022020
10022020
10022020
12212000
12212000
10022020
12212000
12212000
12212000
21022201
12212000
12212000
02212110
02212110
02212110
02212110
12212000
22012211
22012211
22012211
22012211
02212110
02212110
22012211
21101010
21001010
21001010
02212110
21001010
02212110
02212110
02212110
20111020
02212110
02212110
02212110
02212110
02212110
22012211
20111020
20111020
20111020
20111020
00212112
00212112
12002000
00212112
00212112
22012211
22012211
22012211
