01020111
01020111
12201110
12201110
12210221
12210221
12210221
12210221
12210221
12210221
10220210
10220211
12210221
12210221
00111120
10220211
01202212
01202212
01202212
01202212
01202212
01202212
01202212
01202212
01202212
01202212
01202212
00222221
00222221
00222221
00222221
00222221
00222221
00222221
01220201
00222221
11122202
01220201
11122202
11122202
01220201
11122202
20201201
01220201
00222221
00222221
00222221
12201110
00222221
12201110
00222221
02201110
12201110
12212000
12212000
12212000
12201110
12201110
10122202
