12101020
12101020
21010022
12012212
12012212
21120120
22212101
12210022
12201110
12201110
12201110
12201110
12201110
12201110
12201110
12201110
12201110
12201110
12201110
12201110
12201110
12201010
12201110
12201110
11201110
11201110
12201110
11201110
01202212
12201110
12201110
12201110
12201110
12201110
12201110
12201110
12201110
12201110
12201110
12201110
11122202
12201110
12201110
11122202
11122202
11122202
01000020
11122202
11122202
01000020
11122202
11122202
11122202
11122202
11122202
20201201
20201201
11122202
11122202
