11211021
11211021
02210120
02210120
12201110
00212002
12201110
02201101
01000020
00212002
00212002
01000020
00212002
00212002
01000020
01000020
00212002
01000020
11000020
01000020
11000020
11000020
11000020
11000020
00212002
00212002
20111020
20111020
20111020
11122202
11122202
11122202
11122202
11122202
01000020
01000020
01020020
01000020
11122202
01000020
01000000
11122202
01000020
01000020
01000020
01000020
01000020
11122202
11122202
01000020
01000020
01000020
11122202
01000020
01000020
01000020
01000020
01000020
01000020
