20120002
20120002
12022101
12022101
22200202
12022101
00010101
20110000
20110000
20110000
20110000
01011001
11102021
20110000
20110200
20110200
20111020
10022101
20111020
20111020
20111020
20111020
20111020
20111020
20111020
20111020
20111020
20211020
20111020
20111020
20111020
20111120
20111120
20111120
20111120
20111120
20111120
20111020
20111120
22012211
20111020
20111020
20111020
20111020
20111020
20111020
21101010
20111020
21101010
12002000
20101010
21101010
21101110
12202000
12202000
11101010
21001010
00212112
12202000
