11212000
11212000
02121110
10022222
20012101
10022222
20012101
22101111
21022201
11212202
11212202
11102021
11212202
11212202
21022201
11212202
21022201
11102021
21022201
11102021
21022201
11102021
20002220
20002220
20002220
20002200
20002220
20002220
20002220
20002220
20002220
20002220
10022101
20002220
20002220
20002220
20002220
10201222
20002220
20002220
20002220
20002220
12211000
02212110
20002220
20002220
20002220
20002220
20002220
20002220
12110102
20002220
20002220
20002220
10110102
20002220
20002220
20002220
22012211
