11212202
11212202
20012101
11212202
11212202
11212202
11212202
22210002
11212202
11212202
11102021
11102021
11102021
11102021
11102021
11102021
11102021
11102021
11102021
11102021
11102021
11102021
20002220
20002220
20002220
20002220
20002220
10022101
20002220
10022101
20002220
20002220
10022102
20002220
10022102
20002220
20002220
20002220
20002220
20002220
22002220
22002220
10022101
22002220
10022101
22002220
22002220
10022101
22002220
10022101
22002220
22002220
22002220
22002220
22002220
22002220
22002220
10022100
22002220
