02022200
02022200
01110001
00122012
11022000
20201201
10222011
11022000
10222011
11022000
12202101
11022000
11022000
02012101
02012101
02012101
20221201
00112101
02012101
20021201
20021201
20201201
02012101
20021201
01202212
01202212
01202212
11122202
01202212
01202212
01220201
01220201
10220210
01220201
01202212
11122202
11122202
11122202
11122202
11122202
20201201
01220201
20201201
11122202
12201110
20201201
12201110
11122202
12201110
12201110
12201110
12201110
11122202
11122202
12201110
12201110
12201110
20201201
12201110
