22211121
22211121
01222220
01201021
00110221
00110221
20111201
01100020
20111201
20222121
01000020
20222121
11122202
01000020
01000020
11102111
01000020
20202121
01000020
11102111
00212102
11102111
01000020
11102111
11102111
01000020
01000020
11122202
01000020
00212112
00212112
10022101
11122202
00212112
00212112
00212112
00212112
00212112
10022100
10022100
11122202
00212112
01000020
01000020
01000020
01000020
01000020
01000020
01000020
10022100
01000020
01000020
01000020
01000020
10020100
11122202
11122202
01000020
11122202
