12202000
12202000
00111012
11112021
22021000
11102021
22021000
22021000
22021000
10022101
10022101
10022101
10022101
10022001
10022101
10022101
10022101
10022101
10022101
10022101
10022101
10022101
10022101
10022201
10022101
10022101
10022100
10022100
10022100
10022100
10022100
10022100
10022101
10022101
10022101
10022101
10022101
10022100
10022100
10022100
10022100
10022100
10022100
10022100
10022100
10022100
10022100
10022101
10022101
10022101
10022101
10022101
10222100
10022100
10022100
10022100
10022100
10022100
10022100
