10022201
10022201
10112122
10112122
20122221
20122221
11022010
22001112
20122221
22001112
00022012
22012211
22001112
01101210
01101210
01101210
20111020
20111020
20111020
20111020
20111020
20111020
20111020
20111020
20111020
20111020
20111020
20111020
20111020
20111020
20111020
20111020
20111020
10022101
10022101
22111020
22111020
22111020
01000020
22012211
01020011
01000020
11200020
01000020
10022100
11122202
01020021
11122202
12111022
11000020
11000020
11000020
01000020
01000020
01000020
11122202
01000020
01000020
10020100
