02021101
02021101
10210112
00102112
01011001
01011001
01011001
01011001
20110000
20122221
21010022
22012211
22012211
22001112
01000020
22012211
22012211
22012211
22012211
22012211
22012212
22012211
22012211
22012211
22012211
22012211
10201222
10201222
10201222
21101010
22012211
21101010
22012211
20111020
20111020
22012211
22111020
22012211
22012211
22012211
22012211
00212112
00212112
00212112
00212112
00212112
00212112
00212112
00212112
00212112
00212112
01000020
00212112
11101010
10201222
21101010
00212112
11101010
00212112
