10111002
10111002
12222021
02220002
01110020
01101111
00020222
12110102
02220002
00020222
02220002
11012022
11012022
12212000
10022020
00221001
02220002
22110102
22110102
02220002
02220002
02220002
22220002
02212110
02012110
12212000
02220002
02220002
12212000
12212000
12110102
12212000
12212000
12212000
12212000
12212000
12212000
12212000
12212000
12110102
12212000
12110102
12110102
12112102
12110102
12110102
12110102
11212000
12110102
11212000
12110102
10110102
10110102
10110102
10110102
10110102
10110102
10110102
12110102
