10010202
10010202
02100111
01222102
02100111
02100111
11122202
11122202
11122202
10022101
10022101
10022101
10022101
10022101
10022101
10022101
10022101
10022101
10022101
10022101
10022101
10022101
10022101
10022101
10022101
10022101
10022101
10022100
10022100
10022100
10022100
10022100
10022100
10022100
10022101
12201110
12201110
12201110
10022100
10022100
10022100
10022100
10022100
10022100
10022100
10022100
10022100
10022100
10022100
10022100
12201110
12201110
12201110
12201110
12201110
10020100
10022100
10022100
10022100
