22212000
22212000
11102021
11102021
11102021
22021000
11102021
11102021
10022101
10022101
10022101
10022101
10022101
10022101
10022101
10022101
10022101
10022101
10022101
10022101
10022101
10122101
10022101
10022101
10022101
10022101
20111020
10022101
10022101
10022101
20111020
10022101
10022101
22012211
10022100
01000020
00212002
22012211
10022100
10022100
10022100
00212112
00212112
00212112
00212112
00212112
00212112
00212112
22012211
22012211
00212112
00212112
22012211
22012211
22012211
01000020
01000020
01000020
01000020
