20022002
20022002
02201101
02201101
00212002
01000020
01000020
01000020
01000020
01000020
00212002
00212002
00212002
00212002
00212002
00212002
01000010
01000020
01000020
01000020
11000020
01000020
11000020
01020020
11122202
11122202
01020022
11122202
11122202
11000020
00212002
11122202
01000020
00212002
10022101
00212002
22111020
22111020
22111020
22012211
01000020
11122202
11122202
01220201
01000020
01000020
01000020
01000020
01000020
01000020
01000020
01000020
01000020
01000020
01000020
01000020
01000020
01000020
01000020
