10200122
10200122
01110221
22112011
20201201
10222011
10222011
02012101
12021212
00111120
00111120
11022000
11022000
11022000
12202101
12201110
10220211
01202212
01202212
01202212
01202212
01202212
01202212
01202212
01202212
01202212
01202212
20201201
20201201
20201201
12200110
20201201
12201110
12201110
12201110
12201110
12201110
12201110
12201110
12201110
12201110
12201110
12201110
12201110
12201110
12201110
11122202
11122202
12201110
12201110
12201110
12201110
12200110
12201110
12201111
12212000
12201110
12201110
12201110
