22222222
22222222
22222222
12222222
02221122
22221122
22222221
22221221
22120202
22120222
22002122
12002122
12201222
22000022
20102022
21020022
20000022
12011012
12220210
12222100
12221102
22012021
22220221
22222200
22222210
22222210
22222210
22000010
01220100
02222122
00122220
02222122
11220002
02222122
01222122
02221112
01220022
02021102
01220022
21020001
02110020
21120001
10020121
10220121
20010201
11220012
20010201
21002201
21002221
21120221
20102221
22100211
12122110
12122110
02121110
21120212
10101221
20020012
21110212
21120212
12121120
22102000
21120212
21202200
21202000
01122212
00020122
