00012201
00012201
10210112
22212101
01220201
12021212
10220210
10220210
10220210
10220210
21010022
12210221
00112101
01020221
12210221
12210221
12210221
10220210
12210221
10220210
01220201
01220201
01220201
01220201
12210221
10220210
10220210
10220210
01202212
01202212
10220210
10220210
10220210
10220210
01220201
01220201
20201201
11122202
00201201
20201201
00201201
20201201
20201201
12201110
12201110
20201201
12201110
20201201
11122202
12201110
12201110
11122202
11122202
11122202
20201201
20201201
11122202
11122202
20201201
