01012020
01012020
21212212
02122102
10022101
02122102
02122102
10022101
10022101
10022101
10022101
10022101
01011001
10022101
10022201
11102111
10022101
10022101
10022101
10022101
10022101
10022101
00212002
10022101
10022101
10022101
10022101
10022101
10022101
10022100
10022100
10022101
10022101
10022100
10022100
10022100
00212112
10022100
10022100
10022100
10022100
10022100
10022100
10022100
10022100
10022100
10022100
10022100
10022100
10022100
10022100
01000020
10022100
10022100
10022100
10022100
10022100
10022100
10022100
