22101021
22101021
00212002
11102111
11102111
01000020
01000020
01000020
11102111
11102111
01000020
01000020
11102111
01000020
11102111
01000020
20110200
10110200
20110200
11102111
11102111
11102111
20110200
11102111
20110200
20111020
11102111
11000020
00212002
01000022
00212002
01000020
01000020
11122202
01000020
01000020
01000020
01000020
01000020
20111120
11000020
11000020
01000020
10022100
01020021
01020021
12201110
01020021
12201110
01020021
12201110
01000020
11122202
01000020
11122202
12201110
11122202
11122202
12201110
