22122112
22122112
02210120
12201110
00212002
02201101
00212002
02201101
01000020
00212002
00212002
01000020
00212002
01000020
00212002
01000020
00212002
20222121
11000020
01000020
01200020
00212112
00212102
00212112
11000020
00212112
00212112
11100020
01020022
11122202
11000020
01000020
11122202
11000020
11000020
11120202
11122202
11122202
11122202
11122202
11000020
11000020
11000020
12201110
01000020
01000020
12201110
01000020
01020021
12201110
12201110
12201110
11122202
01000020
11122200
01000020
11122200
01000020
12201110
