02200112
02200112
02100111
20001111
02100111
02100111
02122102
10022101
10120111
10120111
10022101
10022101
10022101
10022101
10022101
10022101
10022101
10022101
10022101
10022101
10022101
10022101
10022101
10022101
10022101
10022101
10022100
10022101
10022100
10022101
10022100
10022100
10022101
11122202
10022100
10022100
10022100
10022100
10022100
10022100
10022100
10022100
10022100
10022100
10022100
10022100
10022100
10022100
10022100
10022100
10022100
10022100
10020100
10022100
10022100
10022100
10022100
10022100
10022100
