02210012
02210012
10022222
20002220
21022201
20002220
21022201
20002220
21022201
20002220
21022201
20002220
21022201
20002220
21022201
20002220
21022201
20002220
11102021
21022201
20002220
20002220
20002220
20002220
20002220
20002220
20002220
20002220
20002220
20002220
20002220
10022101
20002220
10022101
10022101
10022101
10022101
10022101
10022101
10022101
20002220
22002220
20002220
22002220
22002220
22002220
10022101
22002220
12022101
10022100
10022100
10022100
10022100
10022100
10022101
22002220
22002220
22002220
22002220
