10012220
10012220
10010222
10010222
10010222
10010222
10010222
22102200
10010222
10010222
00222221
10010222
00222221
10010222
10010222
10010222
11012022
11012022
00222221
00222221
00222221
12210221
00222221
00222221
00222221
00222221
00222221
00222221
00222221
00222221
00222221
00222221
00222221
00222221
00222221
00222221
00222211
00222221
12212000
02110102
12212000
12202000
12212000
12202000
12202000
12202000
12110102
12110102
12110102
12212000
12110102
12212000
12212000
12212000
12212000
12212000
12212000
12212000
12212000
