12011222
12011222
22111012
21210010
21210010
21210010
11020202
11012022
11020202
12110102
12110102
02220002
11012022
12110102
12110002
12110102
12110102
11110102
12110102
11110102
12110102
12110102
12120102
02220002
12110102
02220002
12212000
12212000
12110102
12212000
12212000
12212000
12212000
12212000
12110102
12212000
12212000
12212000
12212000
12212000
12212000
12212000
02110102
12212000
12212000
02110102
02110122
12110102
12212000
12212000
12212000
12212000
12212000
12212000
12212000
12212000
12212000
12212000
12212000
