01121212
01121212
11110021
00010220
00202012
22001211
22222121
20222121
22001211
22001211
22222121
20111221
00212002
00212002
01000010
11122202
01000020
00212002
01000020
01200020
01000020
00212102
00212112
11122202
00212110
00212112
01000020
11122202
01020022
11122202
10022100
11122202
11122202
11122202
11122202
00212112
11122202
11122202
11122202
11122202
11122202
10022100
01000020
01000020
01000020
10022100
01000020
10022100
01000020
10020100
10020100
10020100
01000020
10020100
10000100
10020100
10020100
10020100
10020100
