20001012
20001012
21120221
01211012
10211201
01211212
01211012
01211012
10211201
10201222
10201222
10201222
10211201
10201222
10201222
20111020
10201222
10201222
20111020
10022101
10122101
10022101
10122101
10022101
10022101
22012211
10022101
22012211
10022101
22012211
10022101
22012211
22012211
22012211
22012211
22012211
22012211
22012211
22012211
22012211
22012211
22012211
00212112
00212112
22012211
22012211
20111020
20111020
00212112
00212112
00212112
00212112
00212112
00212112
00212112
22012211
22012211
22012211
22012211
