12222110
12222110
21122200
11022000
12000010
12202101
10220210
00111120
10220200
10220200
10220202
10220210
10220210
10220210
10220210
10220210
10220210
10220210
10220210
10220210
10220210
10220210
10220210
10220210
10220210
10220210
10220210
10220210
12110102
10220210
20201201
01202212
20201201
20201201
20201201
20201201
12201110
12201110
11122202
11122202
20201201
11122202
11122202
11122202
12201110
12201110
12201110
11122202
11122202
11122202
11122202
11122202
11222202
11122202
11122202
11122202
11122202
11122202
11122202
