10200012
10200012
10212202
02000100
20200111
22102200
22102200
22102200
22102200
22102200
12201110
12110102
12210221
12110102
12110102
12210221
12210221
12110002
12110102
11110102
11110102
11110102
11110102
12110102
12110102
12212000
12212000
12212000
12212000
12212000
12212000
12212000
12212000
12212000
12212000
12110102
12212000
12212000
12110102
12110102
00222221
12222000
22012211
12202000
12212000
12212000
02110102
12212000
02110122
12212000
12212000
12212000
12212000
12212000
12212000
12212000
12212000
12212000
12112000
