10012012
10012012
10021122
00120221
10012020
10012020
10012020
22012211
22012211
10012020
20022221
22012211
22012211
22012211
22001112
22012211
22012211
01000020
22012211
22012211
22012211
22012211
20111020
22012211
02212110
11101010
02212110
22012210
22012211
22012211
21101010
02212110
21001010
21001010
22012211
22010211
10201222
10201222
10201222
02212110
02212110
02212110
02212110
02212110
12211000
02212110
02212110
02212110
12212000
12212000
02212110
12212000
12212000
12212000
12212000
12212000
12212000
12012000
12212000
