22012210
22012210
20210010
02220101
02220101
21100211
02220101
02220101
02220101
02220101
02220101
02220101
02220101
02220101
10022201
10022001
10022101
10022101
12022101
10022101
10022101
11122202
11122202
12201110
12201110
12201010
10022101
11201110
10022201
01202212
12201110
12201110
12201110
12201110
12201110
12201110
12201110
12201110
12201110
12201110
12201110
12201110
12201110
12200110
12201110
12201110
12201110
11122202
12201110
12201110
12201110
12201110
12201110
12201110
12201110
10020100
10020100
10020100
10020100
