21112221
21112221
00222221
11220120
00222221
00222221
00222221
00222221
00222221
00222221
00222221
20222112
20222112
12201110
12201110
00222221
00222221
00222221
00222221
00222221
00222221
11201110
00222221
10022101
10022201
10022101
10022101
00222221
12201110
20222221
00222221
12201110
12201110
12201110
12201110
12201110
12201110
12201110
12201110
12201110
12201110
12201110
12201110
10201110
12201110
12201110
12201110
12201110
11122202
11122202
11122202
11122201
11122201
11122201
11122202
11122202
11122201
11122202
11122202
