01011010
01011010
22212202
20212011
20212011
20111011
20111011
12212000
10201222
10201222
10201222
10211201
10201222
10211201
10201222
20111020
10201222
10201222
20111020
20122221
10201222
20111020
20111020
20111020
20111020
22012211
22012211
10022101
22012211
10022101
22012211
22012211
22012211
22012211
22012211
22012211
22012211
22012211
22012211
22012211
22012211
22012211
22012211
22012211
00212112
22012211
00212112
22012211
00212112
00212112
00212112
00212112
00212112
00212112
22012211
22012211
22012211
22012211
01000020
