21111001
21111001
01120012
11022010
11022010
11022010
11022010
11022010
20122221
20122221
01011001
22012211
22012211
21101010
21101010
22012211
22012211
10201222
20111020
20111020
10201222
22012211
20111020
11102111
11102111
20111020
20111020
11102111
22012211
22012211
22012211
22012211
22012211
22012211
22012211
22012211
22012211
22012211
22012211
20111020
20111020
20111020
20111020
22012211
22012211
12202000
11101010
21101010
21101010
02212110
00212112
12202000
10201222
10201222
22012211
22011211
22012211
20002220
20002220
