11210202
11210202
21022000
12010221
12201110
01011001
01011001
01011001
01011001
11102111
01011001
00212002
11122202
01000020
00212002
00212002
00212002
00212002
01000020
01000020
01000020
01000020
01000020
11000020
11000020
11000020
11000020
01020020
11122202
11122202
11122202
11122202
11122202
11122202
01000020
11122202
01000020
01000020
01000020
11000020
20111120
22111020
11122202
01000020
11000020
11122202
11122202
01000020
11122202
11122202
11122202
11122202
01000020
01000020
10020100
10020100
10020100
10020100
10020100
