10102210
10102210
20121101
21010022
22212101
12012212
22212101
21010022
12201110
12201110
12201110
00111122
00111120
00111120
12201110
12201110
12201110
12201110
12201110
12201110
12201110
12201010
12201110
12201110
01202212
11201110
01202212
11201110
01202212
01202212
12201110
12201110
01202212
11000020
01202212
12201110
12201110
12201110
11122202
01220201
11122202
11000020
11000020
01000020
11122202
01000020
11122202
11122202
01000020
01000020
11122202
11122202
11122202
11122202
11122202
01000020
01000020
01000020
11122200
