00010211
00010211
22112002
11002122
11020202
02121012
11020202
11012022
20210021
20210021
00221001
00221001
01212022
00221001
02220002
00221001
02220002
02220002
12212000
02220002
02220002
00222221
00222221
00222221
00222221
00222221
00222221
00222221
00222221
00222221
00222221
00222221
00222221
00222221
10220210
00222221
10220210
00222221
20201201
01220201
00222221
01220201
20201201
00222221
00222221
00222221
00222221
12201110
00222221
12201110
00222221
12201110
02201110
12201110
12212000
12212000
12212000
12212000
12201110
