12100021
12100021
12212000
12212000
12212000
12212000
11012022
11012022
12212000
11012022
12212000
11012022
12212000
12212000
12212000
12212000
12212000
12212000
12212000
02220002
12212000
12212000
12212000
00222221
00222221
00222221
00222221
00222221
00222221
00222221
00222221
00222221
12212000
12212000
12212000
12212000
12212000
12212000
12212000
12212000
12212000
12212000
12212000
11212000
11212000
11212000
11212000
11212000
12201112
12212000
12212000
12212000
10110102
10110102
12212000
10122202
10122202
10122202
10122202
