22000212
22000212
11012022
11012022
11012022
12212000
12212000
12212000
12212000
11012022
12212000
10201222
12212000
12212000
12212000
12212000
12212000
12212000
12212000
02220002
02220002
02220002
12212000
12212000
12212000
11102021
11102021
12110102
12110102
11102021
12212000
11110102
21101010
21101010
21101010
11110102
21101010
21001010
11110102
02212110
02212110
02212110
20111020
22012211
22012211
20111020
10201222
12002000
22012211
22012211
12002000
20111020
21101010
20111020
00212112
12202000
10201222
00212112
11101010
