20102202
20102202
20010012
21212112
00120200
12021212
12201110
12201110
12202101
10220210
21002010
12210221
21002010
01220201
00112101
10220210
00112101
01220201
01220201
01220201
02012001
01220201
01220201
01220201
01220201
12110102
01220201
20201201
01220201
20201201
10220210
01220201
20201201
01220201
20201201
01220201
11122202
11122202
20201201
01220201
20201201
20201201
20201201
20201201
20201201
12201110
12201110
12201110
00222221
12201110
00222221
20101201
12201110
12201110
11122202
20201201
11122202
20201201
11122202
