22100222
22100222
20102022
11022010
11022011
11022010
11022010
11102111
01201120
01101210
21101010
20121020
20121020
20121020
20121020
02212110
21101010
02212110
02212110
02212110
02212110
02212110
02212110
02212110
02212110
22012211
02212110
22012211
22012211
02212110
02212110
10201222
20111020
10201222
21001010
21001010
10201222
10201222
21001010
22012211
02212110
02212110
02212110
02212110
02212110
02212110
02212110
02212110
02212110
02212110
21001010
21001010
21001010
21001010
21001010
21001010
21001010
00212112
11101010
