12010212
12010212
21010212
01112122
02012101
02012101
02012101
02012101
21010022
21202212
01202212
21100211
01202211
21100211
11022000
02012101
20221201
00111120
12210221
01202212
21100211
01202212
20221201
20201201
20201201
20201201
12201110
01202212
01202212
01202212
01202212
01202212
01202212
20201201
12201110
12201110
12201110
12201110
12201110
12201110
12201110
11122202
11122202
11000020
11122202
11000020
12112000
11020020
00222221
12201110
12201110
20201201
12201110
11122202
11122202
11122202
11122222
12201110
12221110
