01201212
01201212
12022112
20221021
20221021
12212000
11020202
11012022
11012022
20210021
12212000
21002012
00221001
02220002
12212000
12212000
02220002
12212000
12212000
02220002
12212000
12212000
12212000
12212000
12212000
12212000
00222221
12212000
00222221
00222221
12212000
12212000
12212000
12212000
12212000
12212000
12212000
12212000
12212000
12212000
12212000
12212000
12212000
11212000
11212000
11212000
11212000
11212000
12110102
12110102
10110102
10110102
10110102
10110102
10110102
10110102
11122202
11122202
11122202
