00202121
00202121
01000020
01002000
01000020
01000020
01000020
01000020
01000020
01000020
01000020
00212002
00212002
01000020
01000020
01000020
00212002
01000020
11000020
01000020
11000020
01000020
11000020
11000020
11000020
11102111
11000020
11000020
11000020
01000020
01000020
01000020
01000020
01000020
01000020
11000020
01020020
01000020
01000020
01000020
01000020
20111120
01000020
01000020
01000020
01000020
01000020
01000020
00212112
01000020
01000020
01000020
01000020
01000020
01000020
01000020
01000020
01000020
01000020
