10101100
10101100
00212002
00212002
00212002
10012020
20121020
20121020
02212110
20121020
02212110
02212110
02212110
02212110
02212110
02212110
02212110
02212110
02212110
02212110
02212110
02212110
02212120
02212120
02212110
02212110
21101010
10201222
21101010
21101010
21101010
21101010
22012211
22012211
22012211
22010211
22012211
22012211
22012211
22010221
22012211
12202000
22012211
20111020
22012221
20111020
00212112
20111020
00212112
21101010
12202000
21001010
12202000
10201222
10201222
21001010
21001010
21001010
11101010
