21001000
21001000
22122112
21020222
10012002
01000020
02201101
01000020
02201101
01000020
00212002
00212002
01000020
00212002
00212002
00212002
00212002
00212002
20110000
00212002
01000020
00212002
01000020
01020020
01020020
01020020
01000020
11000020
00212002
01000022
00212002
00212002
11000020
11000020
11000020
01000020
01020021
01000020
01000020
01000020
11000020
01000020
11122202
01000020
11122202
01000020
11122202
01000020
11122202
11122202
11122202
01000020
11122202
01000020
01000020
01000020
01000020
12201110
01000020
