22200100
22200100
10010222
20221102
22101111
20221102
22101111
22101111
10022020
10022020
10022020
11212202
11102021
11102021
11102021
11102021
11102021
11102021
11102021
11102021
11102021
11102021
11102021
11102021
11102021
20002220
20002220
20002220
20002220
20002220
20002220
20002220
20002220
20002220
10022101
21002220
12201110
12201110
12211000
12212000
20002220
20002220
22002220
22002220
12201110
02212110
20002220
20002220
20002220
20002220
20002220
12110102
12110102
12110102
20002220
12110102
20002220
22002220
22002220
