00210200
00210200
10022222
21022201
20002220
21022201
20002220
21022201
22002220
21022201
21022201
20002220
21222201
20002220
21022201
20002220
21022201
20002220
20002220
20002220
20002220
20002220
20002220
20002220
20002220
20002220
20002220
20002220
20002220
20002220
20002220
20002220
20002220
20002220
20002220
20002220
20012220
20002220
20002220
20002220
20002220
22002220
22002220
20002220
20002220
20002220
20002220
22002220
20002220
20002220
20002220
20002220
20002220
20002220
20002220
22002220
22002220
22002220
22002220
