11001102
11001102
12210022
12210022
12012212
12210022
12201110
12201110
12201110
12201110
12201110
12201110
12201110
12201110
12201110
12201110
12201110
12201110
12201110
12201110
00222221
12201110
12201110
12201110
12201110
12201110
12200110
12200110
12201110
12201110
12200110
12201110
12201110
12201110
12201110
12201110
12201110
12201110
12201110
12201110
12201110
12201110
12201110
12212000
12212000
12201110
11122202
11122202
11122202
12201110
12201110
22212000
12212000
12212000
12212000
12212000
12212000
12212000
12212000
