11121101
11121101
20221211
21002012
21002012
21002012
02220002
21002012
12110102
12110102
12110102
12110102
12110102
12110102
12110002
12110102
12110102
12212000
02220002
02220002
12110102
02220002
12212000
12212000
12110102
12212000
12212000
12212000
12110102
02220002
02220002
12212000
12212000
12212000
12212000
12212000
12212000
12212000
12212000
12212000
12212000
12211000
12110102
12110102
12110102
12211000
12110102
12110102
12110102
12110102
12110102
12110102
12110102
12110102
12110102
20002220
12110102
12110102
12110102
