01121112
01121112
12201110
12201110
12102012
12201110
12201110
12201110
12201110
12201110
12210221
12210221
12210221
12210221
12210221
12210221
10220210
10220210
12210221
12210221
11110102
12110102
11110102
12110102
10220210
02012001
20201201
01202212
01202212
01202212
20201201
20201201
20201201
01220201
01220201
01220201
00222221
11122202
20201201
01220200
20201201
20201201
01220201
20201201
01220201
20201201
20201201
00222221
12201110
12112000
12201110
12201110
12201110
12201110
12201110
12201110
12201110
12201110
12221110
