00121011
00121011
20200111
20200111
02220002
02220002
22220002
22220002
02220002
12110102
12110102
21001002
12110102
02220002
02220002
02220002
02220002
02220002
02220002
12212000
12212000
00222221
00222221
00222221
00222221
12212000
12212000
00222221
12212000
12212000
12212000
11110102
12211000
12211000
12211000
12211000
12212000
12212000
12212000
12211000
12211000
12211000
12110102
12110102
12211000
12110102
12211000
12110102
12110102
12110102
12110102
12110102
12110102
10110102
12110102
20002220
12110102
12110102
12110102
