10012201
10012201
10201222
20111011
10201222
10201222
10201222
10201222
10201222
10201222
10201222
10201222
21101010
10201222
10201222
10201222
10201222
10201222
10201222
21101010
21101010
02212110
02212110
02212120
21101010
10201222
02212110
02212110
22012211
21101010
21101010
21101010
21101010
21101010
21101010
21101010
21101010
21101010
10201222
21101010
21101010
02212110
21101010
21101010
21001010
21001010
21001010
21001010
21001010
21001010
21001010
21001010
21001010
21001010
21001010
21001010
21001010
21001010
21001010
