12200101
12200101
22111111
10101111
10101111
12120220
11012022
11012022
11012022
11012022
10201222
10201222
21101010
21101010
21101010
22012211
22012211
20111020
22012211
22012211
22012211
22012211
20111020
20111020
20111020
20111020
22012211
20111020
20111020
20111020
20111020
20111120
20111020
20111020
20111120
21101010
22012211
20111020
20111020
22012211
20111020
22012211
22012211
20111020
20111020
10201222
20111020
10201222
22012211
22012211
20111020
21001010
10201222
21001010
21001010
21001210
21001010
21001010
00212112
