11112222
11112222
00100010
21022201
20002220
21022201
20002220
21022201
20002220
21022201
21022201
21022201
21022201
22001112
22001112
21022201
20002220
21022201
20002220
21022201
21022201
21022201
22012211
02212110
02212110
02212110
02212110
21101010
21101010
22101010
21101010
21001010
21101010
12202000
21101010
21001010
21001010
10201222
21001010
21001010
21101010
21001010
21101010
21101010
21001010
21001010
21001010
21001010
21001010
21001010
21001010
21001010
21001010
21001010
21001010
21001010
21001010
01212110
21001010
