20000201
20000201
01120122
21100221
00212002
00212002
22012211
22012211
22012211
22012211
22012211
22012211
22012211
22012211
21101010
22001112
21101010
21101010
22012211
22012211
22012211
22012211
20111020
20111020
20111020
20111020
20111020
22012211
21101010
22012211
22012211
21101010
22012211
21101010
21001010
02212110
10201222
02212110
22012211
02212110
02212110
02212110
02212110
02212110
21001010
21001010
21101010
21101010
21101010
21101010
02212110
21101010
02212110
21101010
21001010
11121010
21101010
21101010
21001010
