02221112
02221112
20121211
20221110
01101111
00000121
01011020
12110102
20210021
02220002
11012022
12212000
12212000
10022020
12212000
12212000
12212000
12212000
21012022
21022201
12212000
12212000
12212000
02220002
02220002
02220002
02220002
12212000
02220002
02220002
12212000
01110102
12110102
12110102
11110102
11110102
20012211
11110102
12110102
12212000
12202000
12212000
12212000
00222221
12212000
12222000
02212000
12212000
12212000
12212000
12212000
12212000
12212000
12212000
12212000
12212000
12212000
12212000
12212000
