12212122
12212122
12102012
12201110
12201110
12201110
12201110
12201110
12201110
12201110
12201110
12210221
12201110
12210221
12210221
12210221
10220210
10220210
10220210
10220210
10220210
10220210
10220210
10220210
10220210
12110102
10220210
12110102
10220210
11122202
01202212
10220210
10220210
10220210
10220210
12201110
10220210
00222221
00222221
12212000
12212000
12202000
12212000
12212000
12201110
12201110
20201201
11122202
12201110
12201110
12201110
12201110
12201110
12201110
12201110
12201110
12201110
12201110
12221110
