11022112
11022112
12100211
02100111
02100111
02100111
02122102
10022101
21020222
02100111
21020222
11102111
01000020
00212002
10022101
10022101
10022101
10022101
10022101
10022101
10022101
10022101
10022101
10022101
10022101
10022101
10022100
10022100
10022100
10022101
10022101
10022101
10022101
10022100
10022100
10022100
10022100
10022100
10022100
10022100
10022100
10022100
10022100
10022100
10022100
10022100
10022100
10022100
01000020
01000020
10022100
10022100
10022100
10022100
10022100
10022100
10022100
10022100
10022100
