21101101
21101101
21010022
12012212
12012222
12012212
12012212
12210022
12201110
12201110
12201110
12201110
12201110
12201110
12201110
12201110
12201110
12201110
12201110
12201120
12201110
12201110
12201110
12201110
12201110
12201110
11201110
12201110
12201110
12201110
12201110
12201110
12201110
12201110
12201110
12201110
12201110
12201110
12201110
12201110
12201110
12201110
12201110
20201201
11122202
11122202
11122202
12201110
11122202
11122202
11122202
22201201
22201201
12201110
12201110
12201110
12201110
12201110
10020100
