11011100
11011100
11012022
11012022
11012022
11012022
11012022
12212000
11012022
12212000
11012022
11012022
11012022
11012022
11012022
11012022
12212000
11012022
21012022
12212000
12212000
02220002
02220002
12212000
02220002
02220002
02220002
02220002
22012211
11102021
12212000
12212000
12212000
12212000
11110102
12212000
11110102
11110102
11110102
12212000
12212000
12212000
12212000
12212000
12222000
12212000
12212000
12212000
12212000
12212000
12212000
12212000
12212000
12212000
12212000
12212000
12212000
12212000
12212000
