20100102
20100102
01222102
11122202
21020222
21020222
21020222
00202121
21020222
11102111
01011001
11102111
00212002
11102111
01000020
11102111
11102111
11102111
11102111
11102111
11102111
20110000
11102111
11000020
11000020
11122202
11102111
01020020
11000020
11000022
11000020
01020020
01020020
01020020
11000020
01000020
01020020
01000020
01000020
01020020
01020021
01000020
01000020
11122202
11122202
11122202
11122202
11122202
11122202
11122202
11122202
01000020
11122202
01000020
01000020
01000020
10020100
10020100
10020100
