01112011
01112011
00201202
02122102
10022101
02122102
02122102
10022101
21020222
02100111
10022101
11102111
01000020
00212002
10022101
10022101
10022101
10022101
10022101
10022101
10022101
10022101
10022101
10022101
10022101
10022101
10022101
10022100
10022100
10022100
10022101
10022101
10022101
10022100
10022100
10022100
10022100
10022100
10022100
10022100
10022100
10022100
10022100
10022100
10022100
10022100
10022100
10022100
10022100
10022100
10022100
10022100
10022100
10022100
10022100
10022100
10022100
10022100
10022100
