01102110
01102110
20111011
20111011
20111011
10201222
10201222
10201222
21101010
10201222
21101010
10201222
10201222
10201222
10201222
22012211
22012211
22012211
22012211
20111020
20111020
20111020
20111020
20111020
02212110
02212110
10201222
02212110
21101010
02212110
21101010
22012211
20111020
20111020
22012211
20111020
22012211
22012211
12202000
12202000
20111010
22012211
20111020
20111020
12202000
12202000
20111020
21101010
12002000
20111020
00212112
21101010
00212112
11101010
12202000
12202000
10201222
12202000
11101010
