12010000
12010000
02120211
02120211
01101210
00022012
01101210
00022012
00022012
00022012
22001112
21101010
20122221
22001112
20122221
20111020
01101210
21101010
21101010
21101010
21101010
21101010
01000020
22012211
20111020
21101010
22012211
22012211
22012211
22012211
22012211
20111020
20111020
21101010
20111020
20111020
20111120
20111020
20111020
20111020
20111020
20111020
20111020
20111020
12202000
21101010
20111020
12202000
20111020
20111020
10201222
21101010
21101110
21101110
21101110
21101110
00212112
21001010
12202000
