12110011
12110011
20210101
21002220
01101111
12110102
11012022
12110102
11020202
20210021
12212000
02220002
11020202
11012022
12212000
12212000
12212000
12212000
12212000
12212000
12212000
12212000
12212000
02220002
02220002
02220002
02220002
12212000
02220002
12212000
11110102
11110102
11110102
11110102
11110102
11110102
11110102
11110102
11110102
12212000
12212000
12212000
12212000
12212000
12222000
00222221
12212000
12212000
12212000
12212000
12212000
12212000
12212000
12212000
12212000
12212000
12112000
12212000
12212000
