00121112
00121112
02120211
02120211
01101210
00022012
01101210
01101210
22012211
22012211
22012211
20121020
02212110
22012211
02212110
22012211
22012211
21101010
10201222
10201222
10201222
10201222
10201222
21101010
21101010
02212110
02212110
21101010
21101010
02212110
02212110
02212110
22012211
02212110
21101010
10201222
21001010
02212110
22012211
02212110
02212110
02212110
02212110
02212110
02212110
02212110
02212110
12212000
12212000
02212110
12212000
12212000
12212000
12212000
12212000
11212000
11212000
12212000
12212000
