20100010
20100010
11102021
11102021
11102021
22021000
11102021
10022101
10022101
10022101
10022101
10022101
10022101
10022101
10022101
10022101
10022101
10022101
10022101
10022101
10022101
10022101
10022101
10022101
10022101
10022101
10022101
10022101
10022101
10022101
10022100
10022100
10022100
10022100
10022100
10022100
00212002
10022100
10022100
10022100
10022100
00212112
00212112
00212112
00212112
22012211
00212112
00212112
22012211
22012211
22012211
01000020
00212112
01000020
01000020
22012211
10020100
11122202
01000020
