10011212
10011212
21120101
02000100
22102200
10010222
10010222
10010222
10010222
10010222
00222221
10022020
10010222
10010222
10010222
10010222
10010222
10010222
10010222
12201110
00222221
12201110
00222221
00222221
11102021
12212000
20002220
11102021
12212000
12212000
12212000
11110102
12211000
12211000
12211000
12211000
12211000
12211000
12211000
12212000
12211000
12211000
12211000
12210000
12211000
12110102
12110102
12110102
12110102
12110102
12110102
10110102
20002220
12110102
12110102
12110102
12110102
12110102
12110102
