22120010
22120010
10100111
20222111
12212000
11012022
12212000
11012022
11012022
20221212
11020202
02220002
02220002
02220002
02220002
12212000
12212000
12212000
12212000
11012022
12212000
02220002
12212000
12110102
12212000
02220002
12110102
12212000
11110102
11110102
12212000
12212000
12212000
12212000
22012211
22012211
11110102
11110102
11110102
12212000
12202000
12212000
12222000
12222000
12212000
21101010
12212000
12212000
12212000
12212000
12212000
12212000
12012000
12212000
12212000
12212000
12212000
12212000
12212000
