02211110
02211110
01122120
11122011
11210120
22211212
22211212
12210221
12210221
12210221
12210221
12210221
12210221
12210221
12210221
12210221
12210221
10220210
10220210
02012101
01220201
02012101
10220210
01220201
12110102
12110102
02012001
10220210
11122202
12110102
01220201
20201201
10220210
10220210
01220201
11122202
20201201
20201201
11122202
20201201
20201201
20201201
20201201
20201201
11122202
20201201
20201201
12201110
11122202
12201110
20201201
12201110
12201110
12201110
11122202
20201201
20201201
20201201
12201110
