10211201
10211201
00001220
20001111
20001111
12101211
01011001
21010022
12101211
21010022
01011001
01011001
01000020
01000020
20110000
01000020
20110000
00212002
00212002
11122202
21222121
21222121
11000020
11000020
01020020
11122202
01020020
01020020
01020022
11122002
11122202
11122202
11000020
01000020
11000020
11000020
11000020
11122202
11122202
11000020
11000020
20111120
20111120
01000020
11122202
11122202
01000020
11122202
11122202
11122202
01000020
11122202
01000020
10020100
10020100
01000020
01000020
22012211
10020100
