11200100
11200100
01121121
00212002
00212002
00212002
11102111
00212002
22001112
22012211
22012211
22012211
22012211
22012211
22012211
22012211
22012211
10201222
10201222
21101010
10201222
02212110
02212120
21101010
10201222
10201222
22012211
02212110
21101010
02212110
21101010
21001010
02212110
21001010
21001010
02212110
22012211
22012111
10201222
02212110
02212110
02212110
02212110
02212110
21001010
02212110
21001010
02212110
12212000
12212000
12212000
12212000
12212000
12212000
12212000
12212000
12212000
20002220
10202222
