20000021
20000021
12120220
22220222
01011121
20121020
20121020
02212110
20121020
20121020
02212110
02212110
02212110
02212110
02212110
02212110
02212110
21022201
02212111
02212110
02212110
02212110
22012211
10201222
10201222
10201222
22012211
21101010
21101010
21101010
21101010
21101010
21101010
02212110
21001010
02212110
21001010
02212110
21001010
02212110
21001010
21001010
22012211
22012211
02212110
22012211
21001010
02212110
12211000
02212110
12211000
12211000
22012211
10201222
21101010
10201222
20002220
20002220
10201222
