22021021
22021021
10122211
10221220
11101201
12202101
12202101
12202101
01220201
20222011
21002010
21002010
12210221
20201201
00112101
00111120
20201201
12210221
01220201
02012001
01220201
01220201
01220201
01220201
02012101
01220201
10220210
01202212
20201201
12110102
01220201
01220201
10220210
20201201
20201201
20201201
20201201
12201110
12201110
20201201
11122202
20201201
11122202
11122202
11122202
11122202
11122202
11122202
11122202
11122202
11122202
12201110
11122202
11122202
11122202
11112202
12201110
11122202
11122202
