02211102
02211102
02120211
20221212
20221212
20221212
01101210
01101210
01101210
01101210
11012022
11012022
10201222
21101010
21101010
21101010
21101010
10201222
10201222
21101010
10201222
10201222
10201222
10201222
10201222
02212120
10201222
10201222
10201222
02212110
02212110
02212110
02212110
22012211
21001010
02212110
21001010
21001010
21001010
21001010
21101010
21001010
21001010
21001010
21101010
21101010
21101010
21101010
21101010
21001010
21101010
21001010
21001010
21001010
21001010
21001010
21101010
21101010
21101010
