21211110
21211110
11011221
21101010
10012020
10012020
01201120
10012020
20122221
20111020
22001112
10012020
22012211
22012211
22012211
22012211
22012211
22012211
22012211
22012211
22012211
22012211
22012211
10201222
20111020
20111020
21101010
02212110
10201222
21101010
22012211
21101010
22012211
22012211
20111020
22012211
22012211
22012211
22210221
22010221
12202000
22012211
00212112
00212112
00212112
00212112
00212112
00212112
00212112
00212112
00212112
12202000
21001010
11101010
11101010
11101010
11101010
11101010
11101010
