02102000
02102000
01011121
01011121
22012211
22012211
22012211
22012211
22012211
22012211
22012211
22012211
22012211
22012211
21101010
22012211
21101010
22012211
22012211
22012211
22012211
20111020
20111020
20111020
20111020
20111020
20121020
20111020
20111020
21101010
21101010
21101010
22012211
22012211
22012211
02212110
22012211
20111020
20111020
20111020
20111020
22012211
22012211
22012211
22012211
21101010
21101010
20111020
12202000
21101010
12002000
21101010
00212112
21101110
21101110
10201222
10201222
21001010
11101010
