12102011
12102011
10210112
12021212
11101201
12202101
10220210
10220210
01220201
10220210
12210221
01220201
01220201
12210221
12210221
20201201
20201201
02012101
02012101
02012101
21110211
21110211
20201201
01202212
20021201
02012001
01202212
01220201
12210221
11122202
10220210
11122202
11122202
11122202
11122202
11122202
11122202
11122202
11122202
11122202
11122202
11122202
11122202
11122202
11122202
11122202
11122202
12201110
20201201
11122202
20201201
11112202
11122222
11122202
11112202
11122202
12201110
11122202
11122202
