01012100
01012100
21022002
20111011
22012101
22001112
00212002
20121020
20121020
22012211
22012211
22012211
22012211
22012211
20122221
20110000
21001112
21101010
01000020
21101010
01000020
22012211
21101010
02202110
21101010
10201222
02212110
21101010
22012211
22012211
21101010
22012211
22012211
20111120
20111020
20111020
20111020
20111010
10201222
20111020
12202000
12202000
20111020
12202000
20111020
20111020
22012211
20111020
12202000
12202000
21101010
21101110
21101110
21101110
21101010
22012211
22012211
10201222
11101010
