00202020
00202020
21220101
00222221
11210120
00222221
01020000
00222211
00222221
00222221
00222221
00222221
00222221
11102021
12201110
20222112
12201110
20222112
00222221
00222221
00222221
00222221
00222221
11102021
00222221
00222221
00222221
00222221
00222221
00222221
00222221
00222221
12201110
12201110
12201110
12201110
12201110
12201110
12201110
12201110
12201010
12201110
12201110
12201110
12201110
12212000
12212000
12212000
12212000
12212000
11212000
11212000
12212200
12200112
12201112
12201112
12201112
12201112
12201112
