00212010
00212010
10021122
21101010
22220221
00212002
01201120
01201120
01201120
20122221
20122221
22012211
22012211
22012211
22012211
21101010
22012211
22012211
22012211
21101010
22012211
22012211
22012211
22012221
22012211
10201222
02212110
02212110
21101010
21101010
22012211
20111020
22012211
20111120
22111020
22012211
22111020
22111020
22111020
22111020
22012211
22012211
12202000
22012211
22012211
20111020
20111020
20111020
22012011
21101010
12202000
21101010
00212112
12202000
12202000
11101010
12200000
01000020
21101010
