11020220
11020220
21002012
00020222
11210210
21002002
21002012
21002012
21002012
12110102
02220002
21002012
02220002
21002012
21002012
02220002
02220002
02220002
02220002
02220002
02220002
02220002
02220002
02220002
12212000
12212000
12110102
12212000
12212000
12212000
12212000
12212000
12212000
12212000
12212000
12212000
12212000
00222221
12212000
02110102
00222221
12212000
12202000
12212000
12212000
12212000
12212000
12212000
12212000
12212000
12212000
12212000
12212000
12212000
12212000
12212000
12212000
12212000
12212000
