12020000
12020000
10101111
10101111
12212000
11012022
11012022
12212000
12212000
12212000
11002022
12212000
10201222
10201222
12212000
10201222
10201222
10201222
10201222
10201222
21101010
21101010
10201222
10201222
10201222
21101010
02212110
02212110
02212110
02212110
21101010
22012211
22012211
22012211
22012111
22012211
22012211
22012211
22012211
22012211
22012211
22012211
20111020
20111020
20111020
20111020
20111020
22012211
22012211
22012211
21001010
21101010
21101010
21101110
12202000
10201222
10201222
12202000
21001010
