02212101
02212101
01021200
12020220
02121012
11020202
02010001
01011020
01212022
00221001
01212022
01212022
12110102
02220002
12212000
12212000
12212000
12212000
12212000
12212000
12212000
12212000
02220002
12212000
12212000
12212000
12212000
12212000
12212000
12212000
12212000
12212000
22012211
12110102
12222000
11110102
12212000
12110102
12212000
12110102
12110102
12110102
12212000
12110102
12212000
12110102
12110102
12110102
12212000
12201112
12201112
12201112
12212000
12212000
12210000
12212000
12212000
12212000
10122202
