21110111
21110111
11122202
21022002
20111011
01201120
01201120
01201120
01201120
20122221
20122221
21001112
22012211
22012211
22012211
22012211
21101010
20110000
22012211
22012211
10201222
20111020
10201222
22012211
20111020
22012211
20111020
20111020
10201222
22012211
10201222
10022101
22012211
22012211
22012211
22111020
22012211
22012211
22012211
22012211
22012211
22012211
00212112
00212112
00212112
00212112
22012211
00212112
22012211
00212112
00212112
22012211
22012211
22012211
22012211
22012211
01000020
22012211
22012211
