21101001
21101001
00111012
11102021
22021000
22021000
22021000
11102021
22021000
10022101
10022101
10022101
10022201
10022001
10022101
10022101
10022101
10022101
10022101
10022101
10022101
10022101
10022101
10022101
10022101
10022101
10022201
10022100
10022100
10022100
10022100
10022100
10022100
10022100
10022100
10022100
10022100
10022100
10022100
10022100
10022100
10022100
10022100
10022100
10022100
10022100
10022100
10022100
10022100
10222100
10022100
10222100
10022100
10222100
10222100
10022100
10222100
10022100
10022100
