11200212
11200212
02120211
01101210
00022012
01101210
01101210
01101210
01101210
21101010
02212110
20121020
20121020
10201222
22012211
22012211
22012211
22012211
22012211
20111020
22012211
20111020
10201222
22012211
22012211
10201222
21101010
10201222
10201222
21101010
10201222
10201222
22012211
22012211
22012211
22012211
22012211
22012211
22012211
22012211
22012211
22012211
22012211
22012211
22012211
20111020
20111020
00212112
22012211
01000020
01000020
01000020
01000020
01000020
01000020
01000020
01000020
01000020
01000020
