01210022
01210022
10110110
00202012
00202012
01100020
22001211
22001211
20220121
20222121
22001211
00212002
21222121
22001211
00212002
01000020
01200020
20222121
21222121
01200020
01200020
21222121
21222121
20110000
11122202
01000020
01000020
11000020
01000020
01000020
01000020
01000020
11122202
01000020
11122202
11122202
11122202
21122202
11000020
11000020
01000020
01000020
11122202
11122202
11122202
11122202
11122202
11122202
01000020
11122202
11122202
11122202
12201110
12201110
12201110
11122202
12201110
12201110
01010020
