12012121
12012121
12120220
20111011
20111011
10101111
01010222
10201222
22001112
10201222
10201222
11012022
10201222
11012022
21101010
21101010
10201222
10201222
22012211
22012211
10201222
20111020
20111020
02212110
02212110
10201222
02212110
02212110
02212110
02212110
02212110
02212110
21001010
22012211
22010211
10201222
10201222
10201222
02212110
02212110
02212110
02212110
02212110
02212110
02212110
02212110
02212110
02212110
02212110
02212110
02212110
21001010
21001010
12212000
11212000
12212000
11212000
12212000
12212000
