22212202
22212202
20221021
20221021
12212000
12212000
01212022
01212022
01212022
12212000
12212000
12212000
11012022
21001002
00221001
10221001
02220002
12212000
12212000
02220002
02220002
12212000
12212000
12212000
12212000
12212000
12212000
12212000
12110102
12212000
12212000
11110102
11110102
11110102
21101010
21101010
21101010
11110102
11110102
02212110
21101010
21101010
22012211
21101010
22012211
22012211
02212110
02212110
22012211
02212110
12211000
12211000
12211000
21001010
20002220
12211000
20002220
21101010
10201222
