01020000
01020000
22021000
22210002
11102021
11102021
22021000
22021000
22021000
10022101
10022101
11102021
10022101
11102021
10022101
10022101
10022101
10022101
10022101
10022101
10022101
10022101
10022101
10022101
10022101
10022101
10022101
10022101
20002220
10022101
10022101
10022101
10022101
10022101
10022101
10022101
10022101
10022101
10022101
10022101
10022101
10022101
10022101
22002220
10022101
10022101
10022101
10022101
10022101
10022100
10022101
10022101
10022100
10022100
10022100
10022100
10022100
10022100
22002220
