02210222
02210222
20112000
22200202
22200202
00010101
12022101
20110000
20110000
11102021
11102021
20110000
11102021
10022101
10022101
10022101
10022101
10022101
10122101
10122101
10022101
10022101
10122101
10022101
10022101
10022101
10022101
10022101
10022101
10022101
10022101
10022101
10022100
10022100
10022101
10022101
10022101
10022101
10022100
10022101
12022101
12022101
12022101
12022101
12022101
12022101
10022100
10022100
10022100
10022100
10022100
10022100
10022100
10022100
10022100
10022100
10022100
10022100
10022100
