20220100
20220100
21002012
12110102
22102012
00221001
00221001
00020222
02220002
12110102
12110102
21002012
00020222
01011020
12110102
02220002
02220002
12110102
02220002
11110102
12212000
12212000
12212000
12212000
12212000
12212000
12212000
00222221
12212000
12212000
12212000
12212000
12212000
12212000
12212000
12212000
12212000
12212000
12212000
12212000
12212000
12201110
12212000
11212000
12212000
12110102
11212000
12212000
12201112
12212000
12201112
12201112
12212000
12212000
12212000
12212000
12212000
12212000
12212000
