01011001
01011001
01001010
01011001
21010022
01011001
21010022
01011001
01011001
01011001
01011001
20110000
20110000
20110200
20110200
20110200
20110200
20110200
20110200
11102111
11102111
11102111
11102111
11102111
20110200
11000020
11102111
11000020
01000020
11121202
11122202
01020020
11000020
01020020
01020020
01020020
01000020
01000020
01000020
11122202
11122202
21012211
11000020
01000020
01000020
20111120
11122202
11122202
01000020
01000020
10022100
10020100
10020100
10020100
12201110
11122202
01000020
10020100
10020100
