01210121
01210121
22001000
20210122
12021212
12021212
22210022
11022000
11022000
20201201
20201201
21010022
20201201
11022000
02012101
11022000
20201201
02012101
02012101
02012101
01202212
01202212
01202212
01202212
11122202
01202212
01220201
01202212
01202212
01202212
11122202
10220210
11122202
11122202
11122202
10220210
10220210
11122202
00222221
00222221
11122202
11122202
11122202
11122202
01220201
20201201
20201201
20201201
11122202
12201110
12201110
12201110
20201201
22211201
11122202
12201110
11122202
22201201
22201201
