01210020
01210020
11000211
02220101
21100211
02220101
11000211
11000211
02220101
02220101
02220101
02220101
01202212
12201110
11122202
11122202
11122202
01000020
11122202
01000020
12201110
12201110
12201110
12201110
01202212
01202212
01202212
11122202
11122202
11122202
11122202
11122202
11122202
11122202
11122202
01010020
11122202
11122202
01220201
11122202
20201201
20201201
01220201
11122202
00222221
00222221
00222221
00222221
12201110
00222221
11122202
11122202
11122202
11122202
12212000
12212000
11122202
20201201
12201110
