20001111
20001111
20111011
20111011
20111011
10201222
10201222
10201222
10201222
10201222
10201222
10201222
10201222
21101010
10201222
10201222
21101010
22012211
10201222
22012211
10201222
10201222
20111020
22012211
21101010
10201222
21101010
10201222
21101010
10201222
21101010
22012211
22012211
22012211
22012211
22012211
22012211
22012211
22012211
22012211
22012211
22012211
22012211
22012211
22012211
00212112
00212112
00212112
01000020
01000020
01000020
01000020
01000020
01000020
12202000
11101010
00212112
00212112
12202000
