00200201
00200201
10010222
02011122
01000020
10120111
01000020
11122202
11122202
11122202
11122202
11122202
11122202
01202212
22001211
01011001
21100211
21222121
01200020
01200020
11122202
00212002
00212112
01000020
00212112
11122202
11000020
01000020
11000020
11122202
11000020
11000020
01000020
01000020
01000020
01000020
11000020
11000020
01000020
11000020
01000020
01000020
01000020
01000020
01000020
12201110
12201110
11122202
01020021
11122202
11122202
11122202
12201110
11122202
11122202
11122202
11122202
12201110
11122202
