01102012
01102012
12210022
12210022
12210022
12201110
12201110
12201110
12201110
12201110
12201110
12201110
12201110
12201110
12201110
12201110
12201110
12201110
12201110
12201110
12201110
12201110
12201110
12201110
12201110
12201110
12200110
12200110
12201110
12200110
20201201
12200110
12201110
12201110
12201110
12201110
12201110
12201110
12201210
12201110
12201110
12201110
12201110
12201110
12201110
12201110
11122202
11122202
11122202
12201110
12212000
11122202
12212000
12212000
12212000
12212000
12212000
12212000
12212000
