11011221
11011221
21100221
12220201
01121121
00212002
00212002
10012020
20122221
10012020
22001112
20122221
22012211
22012211
22001112
22012211
22012211
22012211
22012211
22012211
22012211
22012211
22012211
22012211
22012211
10201222
21101010
21101010
21101010
22012211
22012211
22012211
22012211
20111120
22111020
22012211
22111020
22111020
22111020
22111020
22012211
22012211
22012211
22012211
12002000
10201222
10201222
10201222
10201222
12002000
12002000
21001010
21001010
21001010
21001010
21001010
21001010
21001010
21001010
