02211000
02211000
20221021
12020220
00000121
11020202
11012022
12110102
12110102
00221001
00221001
12212000
11012022
00221001
10201222
01212002
01212002
00221001
02220002
12212000
11012022
12212000
12212000
12212000
12110102
12110102
12110102
12212000
11110102
12212000
11110102
12212000
11110102
11110102
12212000
11110102
21101010
11110102
11110102
12211000
12211000
12211000
21101010
21101010
21101010
21101010
21101010
21001010
21101010
21101010
21101010
21001010
01212110
21001010
21001010
21001010
21101010
21101010
21001010
