11001111
11001111
11210210
11210210
21002012
21002002
21002012
12210221
12210221
21002012
12210221
12210221
12210221
12210221
10220210
10220210
01020221
12210221
01202212
01202212
20221201
01202212
20221201
20201201
20201201
20201201
20201201
20201201
20201201
20201201
20201201
20201201
20201201
20201221
12201110
12201110
12201110
12201110
12201110
20201201
12201110
12201110
12201110
11122202
12201110
12201110
12201110
11122202
11122202
11122202
11122202
11122202
11122202
11122202
11122202
11122202
11122202
11122202
11122202
