21212111
21212111
21010020
12202101
12202101
00120200
12021212
12202101
12202101
01220201
21002010
10220210
10220210
00112101
12210221
12210221
02012101
20201201
02012001
01220201
01220201
01220201
01220201
02012001
10220210
10220210
10220210
12110102
10220210
12110102
12110102
01220201
20201201
01220201
01220201
00222221
00222221
20201201
00222221
01220201
20201201
11122202
01220201
11122202
00222221
00222221
00222221
00222221
12201110
00222221
00222221
11122202
12201110
11122202
11122202
11122202
11122202
11122202
11122202
