11021002
11021002
00212002
00212002
00212002
00212002
10012020
20121020
22001112
22012211
22012211
22012211
22001112
22012211
00212002
22012211
21101010
22012211
22012211
22012211
22012211
22010211
20111020
20111020
22012211
02212110
22012211
22012211
22012211
22012211
22012211
22012211
22012211
21101010
22012211
22012211
22012211
20111020
20111020
22012211
22012211
22012211
22012211
22012211
22012211
20111020
21101010
21101010
12202000
21001010
21101110
21101110
21101110
21101110
10201222
00212112
00212112
21001010
11101010
