22120112
22120112
20121021
01112122
20201201
02012101
02012101
02012101
00112101
10222011
00111120
10222011
00111120
20201201
01202212
20201201
01202212
01202212
01202212
01202212
01202212
01202212
01202212
01202212
01202212
12201110
20201201
20201201
20201201
20201201
20201201
12201110
12201110
12201110
20201221
12201110
12201110
12201110
12201110
12201110
20201201
12201110
12201110
11122202
12201110
12201110
11122202
11122202
11122202
11122202
11122202
11122202
11222202
11122202
11122202
11122202
11122202
11122202
11122202
