11221222
11221222
10210202
01201021
11102211
21002212
01100020
20222121
20222121
01000020
22222121
01000020
11122202
22001211
22001211
20222121
21100211
21222121
01200020
11122202
21222121
11122202
11122202
11000020
11122202
11122202
01000020
11122202
01000020
11122202
11122202
01000020
01000020
01000020
01000020
11000020
11000020
11000020
11000020
12000020
01000020
11000020
11000020
11122202
11122202
01020021
11122202
01020021
12201110
01020021
01020021
01000020
11122202
01000020
01000020
01000020
01000020
01000020
10020100
