21200112
21200112
21010022
12012212
21010022
22212101
22212101
21010022
12201110
12201110
12201110
12201110
11022000
12202101
12201110
12201110
12201110
12201110
12201110
01202212
01202212
12201110
12201110
01202212
01202212
01202212
12200110
12200110
20201201
20201201
12200110
20201201
12201110
12201110
12201110
12201110
20201001
12201110
12201110
12201110
12201110
12201110
11122202
11122202
11122202
11122202
12201110
11122202
11122202
11122202
12201110
11122202
11122202
12212000
11122202
11122202
11122202
11122202
11122202
