11220001
11220001
21120120
20021110
01120022
12201110
12201110
12201110
12201110
12201110
12201110
12201110
12201110
12201110
12210221
10010222
00222221
00222221
00222221
00222221
00222221
00222221
00222221
00222221
00222221
12201110
12201110
12201110
12201110
12201110
12201110
12201110
12201110
12201110
12201110
12201110
12201110
12201110
12201110
12201110
12201110
12201110
12201110
12201110
12212000
11212000
12201110
11122202
11122202
12212000
12212000
12212000
12212000
12212000
12212000
12212000
12212000
10122202
12212000
