22012211
22012211
20121020
20121020
20121020
20121020
22012211
20121020
02212110
02212110
20121020
02212110
02212110
02212110
02212110
10211201
21101010
20121020
10201222
02212110
20111020
10201222
20111020
20002220
20002220
20002220
20002220
20002220
20002220
20002220
10201222
20002220
10201222
10201222
10201222
10201222
10201222
10201222
22012211
02212110
02212110
02212110
02212110
02212110
02212110
20002220
20002220
02212110
02212110
22012211
22012211
22012211
20002220
22012211
22012211
22012211
20002220
20002220
22012211
