00201101
00201101
10220210
21010022
12210022
21010022
21010022
21010022
10220200
12201110
12201110
10220210
10220210
10220210
10220210
10220210
10220210
10220210
10220210
10220210
10220210
10220210
10220210
10220210
12110102
10220210
10220210
10220210
12110102
11122202
10220210
10220210
20201201
20201201
20201201
20201201
20201201
12201110
12201110
11122202
11122202
12201110
12201110
12201110
12201110
12201110
12201110
12201110
12201110
12201110
11122202
11122202
12201110
20201201
20201201
20201201
11122202
11122202
20201201
