22101202
22101202
21222212
02210120
02201101
01011001
01011001
01011001
01011001
11102111
01011001
01000020
01011001
01000020
01000020
00212002
11102111
20202121
01000020
11102111
01000020
11102111
11102111
01000020
00212002
00212002
01000020
11000020
11122202
11122202
11000020
01020020
01020020
01020020
11000020
01000020
01020020
01000020
20111120
01000020
11122202
01000020
11120202
01000020
01220201
01000020
01000020
01000020
01000020
01000020
01000020
01000020
10020100
01000020
01000020
01000020
01000020
01000020
01000020
