20121021
20121021
20201201
20210010
21010022
21010022
02012101
21010022
21202212
01202212
21100211
01202211
21100211
20201201
21100211
21110211
12022000
01202212
12022000
20221201
20201201
21110211
20201201
20201201
01202212
01202212
11122202
01202212
01202212
11122202
11122202
12210221
10220210
20201201
20201201
10220210
20201201
20201201
12201110
12201110
12201110
12201110
12212000
12212000
01220201
20201201
12201110
12201110
20201201
12201110
12201110
12201110
12201110
12201110
12201110
12212000
12212000
12201110
12201110
