01220211
01220211
12201110
12210221
12210221
12210221
12210221
12210221
01220201
10220210
12210221
10220210
12210221
12210221
10220210
00112101
20201201
01202212
21102211
01202212
01202212
20221201
10220210
02012101
10220210
10220210
10220210
10220210
10220210
01202212
12110102
01220201
20201201
01220201
01220201
00222221
00222221
01220201
01220201
00222221
11122202
11122202
12201110
12201110
12201110
12201110
11122202
12201110
12200110
12201110
12201210
12201110
12201110
12201111
12201110
12201110
12201110
12221110
12201110
