20222212
20222212
22001211
22202012
00110221
01000020
00110221
01000020
01000020
01000220
01000020
01000220
01000020
21000020
01000020
01000020
21100211
21100211
11102111
11102111
21222121
21222121
11122202
01000020
01000020
01000020
01000020
01000020
01000020
01000020
11122202
11122202
11122202
11122202
11122202
11122202
11000020
11122202
11000020
11000020
01000020
01000020
11122202
20111120
01000020
11122202
11000020
11122202
11000020
01000020
11000020
01000020
01000020
11122202
11122202
11122202
11122202
12201110
01000020
