21000001
21000001
02210100
11221212
12002011
01202212
01202212
01202212
02122102
11122202
11122202
11122202
11122202
11122202
11122202
11122202
11122202
11122202
01000020
11122202
01000020
12201110
01000020
11122202
01000020
01202212
01202212
11122202
11122202
11122202
11122202
11122202
11122202
01000020
11000020
01000020
11000020
11000020
11000020
12000020
11000020
11000020
11122202
11000020
20111120
11122202
11122202
11000020
11000020
12111022
11000020
12201110
01000020
01000020
01000020
01000020
01000020
01000020
01000020
