11210101
11210101
21000001
00112101
00112121
00001020
10222011
10222011
00111120
00111120
00111120
00111122
00111120
00111122
11022000
00112120
00111120
00112120
11122202
12201110
12201110
12201110
12201110
01202212
01202212
01202212
01202212
11122202
11122202
11122202
11122202
11122202
11122202
11122202
11122202
11122202
11122202
11122202
00222221
00222221
11122202
11122202
11122202
12201110
20201201
11122202
11122202
12201110
20201201
12201110
12201110
20201201
12201110
12201120
20201201
12201110
12201110
20201201
12201110
