10211210
10211210
02220002
02220002
00221001
20221211
00221001
02220002
02220002
02220002
11012022
11012022
11012022
12110102
11012022
10010222
11012022
10010222
11012022
12110102
02220002
02220002
02220002
02220002
12212000
12212000
12110102
12110102
12110102
12110102
12110102
12110102
00222221
12212000
12110102
12212000
12222000
12212000
12212000
12212000
12110102
02110102
02110102
12110102
12212000
12212000
12212000
12212000
12212000
12212000
12212000
22212000
12212000
12212000
12212000
12212000
12212000
12212000
12110102
