01102011
01102011
02120211
01101210
00022012
01101210
20221212
12212000
00022012
00022012
22012211
21101010
22012211
22012211
22012211
22012211
22012211
21101010
21101010
21101010
20111020
21101010
10201222
02212110
02212110
20111020
02212120
21001010
10201222
10201222
02212110
02212110
21001010
21001010
21001010
21001010
21001010
02212110
21000010
20111020
02212110
20111020
02212110
02212110
02212110
02212110
02212110
02212110
02212110
02212110
02212110
21101010
21101110
10201222
10201222
10201222
21001010
10201222
21001010
