22002102
22002102
10100010
10211201
01211012
01211012
20110000
20110000
01211012
10211201
10211201
10201222
10211201
20110000
10201222
20111020
20111020
10201222
20111020
10201222
20111020
20122221
20111020
20111020
20111020
20111020
20111020
20111020
20111020
20111020
20111120
20111020
20111120
20111120
20111120
20111120
21101010
21001010
21001010
22012211
20111020
20111020
20111020
02212110
20111020
20111020
20111020
20111020
20111020
01000020
01000020
01000020
01000020
01000020
01000020
01000020
01000020
01000020
21101010
