00110221
00110221
00010220
00010220
00010220
01202212
11122202
11122202
11122202
11122202
11122202
11122202
20222121
01011001
11102111
11102111
01000020
01000020
01200020
21222121
21222121
21222121
11000020
11000020
11000020
11122202
11000020
11000020
01020022
11122202
11122202
01000020
11122202
11122202
11000020
11122202
11120202
11122202
12201110
11122202
10122202
11000020
11000020
11000020
11000020
01000020
10122202
11020020
12201110
12201110
20201201
12201110
22201201
11112202
11122202
11122202
11122202
11122202
11122202
