11210120
11210120
00222221
11210221
22211212
00222221
00202221
00222221
10010222
10010222
00222221
00222221
00222221
12201110
10010222
00222221
00222221
00222221
00222221
00222221
00222221
00222221
00222221
00222221
00222221
00222221
00222221
00222221
20222221
00222221
12201110
12201110
12201110
12201110
12201110
12201110
12201110
12201110
12201110
12201110
12201110
12212000
12212000
12212000
12212000
11212000
11212000
11212000
11212000
11212000
12201112
12212000
12212000
10110102
10110102
10110102
11122202
11122202
12201112
