20221212
20221212
11220112
20212210
20212210
20221212
11020202
12110102
21002012
02220002
12110102
02220002
12110102
11012022
12110102
12110102
12110102
11110102
11110102
02220002
12110102
11110102
12110102
12110102
12110102
12212000
12110102
12110102
12212000
00222221
12110102
00222221
00222221
00222221
12212000
00222221
00222221
00222221
12212000
12212000
12212000
12212000
12212000
12212000
12212000
12212000
12201100
12201110
12201110
12200110
12201110
12201110
12112000
12112000
12201110
12201110
12201110
12201110
12221110
