00220200
00220200
00100010
21022201
20002220
21022201
20002220
21022201
20002220
21022201
21022201
21002201
21022201
20002220
21022201
20002220
21022201
20002220
21022201
00002220
21022201
20002220
20002220
20002220
20002220
20002220
20002220
20002220
20002220
21101010
11102021
11102021
21002220
21101010
20002220
20002220
20002220
20002220
20002220
12211000
12211000
12211000
12211000
12211000
12211000
12211000
12211000
12212000
12211000
20002220
12212000
12211000
22012211
10201222
21101010
10201222
10201222
10201222
10201222
