22022221
22022221
01101111
00010220
00010220
22001211
20222121
02201121
01000020
01000020
01000020
01000020
01000020
01000020
00212002
11122202
10022101
10022101
00212102
01000020
01000020
11122202
10022101
11122202
00212102
11122202
10122202
11122202
12201110
12201110
12201110
12201110
01000020
11122202
11122202
11000020
11120202
11122202
11102202
12201110
11122202
12201110
12201110
12201110
12201110
12201110
11122202
11122202
11122202
11000020
11122202
01000020
22201201
11122202
11122202
11122202
12201110
12201110
12201110
