00111112
00111112
11221212
21000021
01202212
01202212
01202212
01202212
21100211
01202212
11122202
11122202
11122202
21100211
21100211
21100211
21100211
12022000
01202212
20221201
02012101
02012101
11122202
01202212
11122202
01202212
11122202
11122202
11122202
11122202
11122202
01202212
10220210
10220210
10220210
20201201
11122202
11122202
11122202
11122202
11122202
11122202
11122202
11122202
12201110
12201110
12201110
11122202
11122202
11122202
11122202
11122202
11222202
11122202
11122202
11122202
11122202
11122202
11122202
