10220121
10220121
20212011
10201222
11212012
10201222
10201222
10201222
10201222
10201222
10201222
12212000
12212000
10201222
10201222
10201222
22012211
21101010
10201222
10201222
10201222
10201222
11012022
10201222
21101010
10201222
21101010
02212110
21001010
02212110
21101010
02212110
21001010
21001010
21101010
21001010
21001010
21001010
21001010
21001010
21001010
10201222
21001010
21101010
20111020
21101010
21001010
21001010
21001010
21001010
21001010
12212000
12212000
21001010
21001010
10201222
21001010
21001010
21001010
