12201110
12201110
21212212
12201110
02210120
01011001
01011001
12201110
11102111
02201101
11102111
01011001
01000020
01000020
01000020
11102111
01000020
01000020
11102111
00212102
01000020
11102111
00212102
00212102
10022101
01000020
11122202
11122202
01000020
11122202
01000020
10022101
00212002
00212002
00212002
11122202
00212112
00212112
00212112
00212112
00212112
00212112
00212112
00212112
00212112
01000020
00212112
01000020
00212112
21000020
01000020
11122202
01020021
01000020
01000020
01000020
01000020
01000020
01000020
