10110100
10110100
01120000
01120000
21022000
12101211
12101211
12101211
02101211
21010022
01011001
01011001
01011001
01011001
01011001
01011001
01000020
01000020
01000020
01000020
11000020
11000020
11000020
11000020
11000020
11000020
11122202
11122202
11122202
11122202
11122202
01020020
11122202
01020020
11122202
01020020
11122202
11122202
01000020
01000020
00212112
00212112
01000020
11122202
01000020
01000020
01000020
01000020
01000020
01000020
11122202
11122202
11122202
11122202
12201110
11122202
12201110
12201110
12201110
