22111201
22111201
10001202
20221211
22201100
12102012
12102012
22211212
12210221
12210221
12210221
12201110
12210221
12210221
12210221
12210221
12210221
00111120
02012101
02012101
10220210
02012101
10220210
12110102
12110102
12110102
02012001
12110102
12110102
01220201
01220201
10220210
01220201
01220201
01220201
01220201
01220201
00222221
11122202
00222221
00222221
11122202
11122202
11122202
11122202
11122202
11122202
11122202
11122202
11122202
11122202
20201201
11122202
11122202
11122202
12201110
12201110
20201201
11122202
