00220201
00220201
20212011
20111011
20111011
20111011
10020011
10201222
12212000
10201222
10201222
10201222
01101210
20111020
10211201
10201222
10201222
20122221
10201222
10201222
20111020
22012211
20111020
22012211
20111020
22012211
22012211
10022101
22012211
10201222
22012211
10022101
22012211
22012211
22012211
22012211
22012211
22012211
22012211
22012211
22012211
22012211
22012211
22012211
22012211
22012211
20111020
20111020
00212112
00212112
00212112
00212112
00212112
00212112
00212112
22012211
22012211
22012211
01000020
