20010222
20010222
01001010
01011001
01011001
01011001
01011001
20110000
01011001
10020011
01011001
01011001
22001112
22001111
22001112
22012211
22001112
22012211
22012211
22012211
22012211
02202110
22012211
10201222
21101010
21101010
21101010
21101010
21101010
21101010
21101010
21101010
21101010
21101010
21101010
21101010
21101010
21001010
02212110
02212110
21001010
22012211
22012211
12202000
22012011
10201222
12002000
12002000
22012211
22012211
12002000
20111020
20111020
00212112
21101110
01000020
12202000
01000020
01211110
