20122100
20122100
10221200
10221200
11102111
11102111
01000020
01000020
01000020
01000020
00212002
00212002
00212002
00212002
00212002
00212002
01000020
01000020
01000020
01000020
01000020
00212002
01020020
01000020
01000020
11000020
11000020
11000020
11000020
11000020
11000020
11000020
01020020
01020020
00212002
01020020
01000020
11122202
01000020
01000020
01000020
01000020
11122202
10022100
01000020
12201110
11000020
20111120
20111120
11122202
20111120
11122202
11122202
10020100
10020100
10020100
11122202
11122202
22201201
