20102022
20102022
01001010
11022010
11022010
11022010
01011001
01011001
22001112
20122221
01011001
22012211
20122221
21101010
21101010
21101010
02212110
02212110
02212110
02212110
02212110
02212110
02212110
22012211
02212112
22012211
22012211
22012211
02212110
02212110
02212110
02212110
02212110
10201222
02212110
02212110
02212110
02212110
02212110
21101010
21001010
21001010
21101010
21101010
21101010
21001010
21001010
21001010
02212110
12202000
02212110
00212112
21001010
21001010
10201222
01212110
01212110
21101010
21101010
