21101202
21101202
12220101
21022201
20002220
21022201
20002220
21022201
20002220
21022201
20002220
21022201
21022201
20002220
21022201
20002220
21022201
20002220
20002220
21022201
20002220
20002220
20002220
20002220
20002220
20002220
20002220
20002220
20002220
20002220
11102021
20002220
11102021
20002220
20002220
20002220
20002220
20002220
12211000
20002220
12211000
12211000
12211000
12211000
12211000
12211000
12211000
12211000
12211000
20002220
12211000
12211000
20002220
22012211
10201222
21101010
10201222
22012211
10201222
