22021201
22021201
12120220
12120220
01011121
20121020
12212000
12212000
22012211
22012211
21101010
21101010
00212002
11012022
21101010
22012211
21101010
10201222
10201222
10201222
10201222
10201222
10201222
10201222
10201222
10201222
10201222
10201222
10201222
10201222
10201222
10201222
21001010
21001010
21101010
21101010
21101010
02212110
02212110
21101010
21101010
21101010
22010211
20111020
22012211
20111020
12002000
10201222
10201222
22012211
22012211
22012211
22012211
10201222
21101010
10201222
10201222
10201222
10201222
