21011122
21011122
01120022
01120022
01120022
12201110
12201110
12201110
12201110
12201110
12201110
12201110
12201110
12201110
12201110
12201110
10201110
12201110
12201110
12201110
12201110
00222221
12201110
10022101
12201110
12201110
12200110
12201110
12201110
12201110
12201110
12201110
12201110
12201110
12201110
12201110
12201110
12201110
12201110
12201110
12201110
12201110
12201110
12201110
12201110
11122202
11122202
11122202
11122202
11122202
11122202
11122202
11222202
11122202
11122202
11122222
11122202
11122202
11122202
