01201111
01201111
12101210
22112011
11022000
11022000
11022000
11022000
01112122
10222011
20201201
00012101
20201201
02012101
01202212
02012101
20221201
20221201
20201201
02012101
21100211
01202212
02012101
02012101
20221201
01202212
20021201
01202212
01202212
01202212
12210221
12210221
11122202
11122202
10220210
10220210
11122202
11122202
10220210
11122202
10220210
11122202
11122202
11121202
11122202
11122202
11122202
11122202
11122202
11122202
11122202
12201110
11112202
12201110
20201201
11122202
20201201
22201201
22201201
