12010222
12010222
21002012
21002012
21002002
21002010
21002012
21002012
21002012
12210221
12210221
12210221
00112101
00112101
10220210
10220210
12210221
12210221
20221201
10220210
02012101
10220210
02012101
12110102
10220210
12110102
01220201
01220201
12110102
12210221
10220210
10220210
10220210
10220210
20201201
20201201
20201201
12201110
20201201
20201201
20201201
20201201
20201201
11122202
11122202
11122202
11122202
11122202
11122202
11122202
22201201
11122202
11122202
11122202
11122202
22201201
22201201
22201201
22201201
