10021111
10021111
02210120
12010221
12201110
00212002
02201101
11102111
01000020
01000020
00212002
01000020
00212002
00212002
11122202
01000020
00212002
01000020
01000020
01000020
11122202
01000020
01000020
01020020
01000020
11000020
11000020
11000020
11000020
11000020
11122202
01020020
11122202
01000020
01000020
01000020
01000020
01000020
20111120
01000020
01000020
22111020
22111020
11122202
11122202
01000020
11122202
11122202
11122202
11122202
11122202
01000020
01000020
10020100
10020100
10020100
10020100
10020100
10020100
