21012200
21012200
20121020
20221212
20121020
20221212
20221212
01101210
01101210
00212002
00212002
21101010
10201222
10201222
10201222
22012211
02212110
02212110
02212110
02212110
02212110
02212110
02212110
02212110
22012211
22012211
02212110
10201222
22012211
22012211
22012211
22012211
20111020
22012211
22012211
20111020
22012211
20111020
20111020
20111020
20111020
20111020
20111020
22012001
22002211
21101010
20111020
20111020
12202000
12202000
12202000
12202000
21001010
11101010
11101010
11101010
12202000
21001010
00212112
