10222221
10222221
21212110
01011001
21010022
01011001
01011001
01011001
20110000
01011001
01011001
22012211
22012211
22001111
01000020
22012211
22012211
22012211
22012211
22012211
22012211
22012211
22012211
10201222
20111020
20111020
20111020
10201222
22012211
10201222
10201222
22012211
10022101
22012211
22012211
22012211
22012211
22012211
22012211
00212002
22012211
00212112
22012211
00212112
01000020
01000020
00212112
22012211
22012211
22012211
22012211
22012211
22012211
22012211
22012211
22012211
22012211
22012211
22012211
