02100102
02100102
22022001
22202012
20111201
01100020
20222121
00001020
22001211
01000020
22222121
22001211
01000020
22001211
01000020
20222121
00212002
01200020
00212002
21222121
21222121
21222121
11000020
11000020
01000020
11000020
01000020
11122202
01000020
01000020
01000020
01000020
01000020
01000000
01000020
01000020
01000020
01000220
11000020
01000020
01000020
11122202
01000020
01000020
01020021
01020021
11122202
01020021
12201110
01020021
01020021
11000020
11000020
11122202
01000020
12201110
12201110
01000020
12201110
