00220121
00220121
21112001
21022201
20002220
21022201
20002220
21022201
20002220
21022201
21022201
21022201
21022201
22001112
21022201
22001112
21022201
22001112
02212110
21022201
00002220
02212110
02212110
20002220
02212110
02212110
02212110
10201222
12212000
12202000
12212000
12202000
12202000
12202000
11110102
21001010
21001010
21101010
21001010
10201222
02212110
20111020
02212110
02212110
02212110
02212100
02212110
02212110
02212110
02212110
00212112
21001010
10201222
10201222
10201222
22012211
21001010
11121010
21101010
