21110020
21110020
21002012
21002012
21002012
21002012
02220000
02220002
02220002
02220002
12110102
12110102
12110102
12110102
12110102
12110102
12110102
02220002
12212000
12212000
12212000
12212000
12110102
11110102
12212000
00222221
00222221
00222221
12110102
00222221
00222221
00222221
00222221
00222221
00222221
00222221
00222221
00222221
12110102
12212000
02110102
12212000
12212000
02110102
02110102
02110102
12110102
12212000
12212000
12212000
12212000
12212000
12212000
12212000
12212000
12212000
12212000
12212000
12212000
