21100221
21100221
20110111
20102022
22220222
10012020
10012020
20121020
22001112
22012211
22012211
22012211
22012211
21101010
21101010
10201222
22012211
22012211
22012211
20111020
20111020
20111020
20111020
02212110
02212110
02212110
02212110
21101010
22012211
02212110
02212110
02212110
02212110
02212110
02212110
02212110
22012211
21001010
02212110
21001010
21101010
21001010
21101010
21101010
21001010
21101010
21001010
21001010
21101010
21001010
12202000
21001010
21101010
21101010
21001011
10201222
21101010
21101010
21001010
