12020000
12020000
21102001
00202012
00202012
01100020
22001211
22222121
20222121
11102111
22222121
22001211
20222121
01202212
20222121
20222121
01200020
20222121
21222121
21222121
21222121
01000020
01000020
11122202
11122202
01000020
01000020
01000020
01000020
01000020
01000020
11000020
01000020
01000020
01000020
01000020
11000020
11000020
01000020
01000020
11122202
01000020
11122202
00212112
01000020
01000010
01000020
01000020
11000020
01000020
01000020
01000020
01000020
11122202
12201110
01000020
12201110
01000020
12201110
