20200211
20200211
00010220
01202212
01202212
01202212
01202212
01202212
21100211
01202212
00202212
01202212
01202212
01202212
20201201
02012101
20221201
02012101
12210221
01202212
20221201
01202212
01202212
01202212
20201201
12201110
20201201
20201201
20201201
20201201
20201201
20201201
20201201
20201221
12201110
12201110
12201110
12201110
12201110
11122202
12201110
12201110
11122202
12201110
11122202
12201110
12201110
11122202
11122202
11122202
11122202
11122202
11122202
11122202
11122202
11122202
11122202
11122202
11122202
