01111101
01111101
01102212
21002212
00112101
20111201
01100020
01100020
22001211
22001211
02201101
00212002
00212002
00212002
20222121
11102111
11102111
00212102
00212102
00212102
11102111
00202102
00212102
00212102
10022101
10022101
00212110
00212112
00212112
00212112
10022101
10022101
10022101
11122202
00212112
00212112
00212112
11112202
10022100
10022100
00212112
00212112
11122202
10022100
01000020
10022100
10022100
01000020
01000020
01000020
01000020
01000020
01000020
10022100
10020100
10000100
10020100
01000020
11122202
