01020201
01020201
02220121
01121121
11102111
11102111
11102111
01201120
01201120
01201120
22012211
20121020
02212110
02212110
10201222
21101010
21101010
10201222
22012211
21101010
20111020
21022201
20002220
20002220
20002220
20002220
20002220
20002220
20002220
10201222
10201222
20002220
10201222
10201222
10201222
10201222
10201222
10201222
22012211
02212110
20002220
02212110
20002220
02212110
02212110
20002220
20002220
22012211
21000010
12211000
20002220
20002220
22012211
22012211
22012211
22012211
20002220
22012211
20002220
