22020120
22020120
22020012
11210120
12102012
12102012
12201110
12201110
12201110
12201110
12210221
12210221
12210221
12201110
12201110
10220210
10220210
12110002
10220210
12110102
12110102
12110102
11110102
02220002
11110102
12212000
12212000
02220002
12212000
12212000
12212000
12212000
12212000
12212000
12212000
12212000
12212000
12212000
12110102
12110112
12110102
12110102
12212000
12110102
12110102
12110102
12110102
12110102
12110102
12201112
12212000
12201112
12201112
12212000
12212000
12212000
12212000
10122202
12212000
