11001000
11001000
20202221
21211021
00022012
00022012
00112101
00112101
00112101
20201201
00112101
20201201
02012101
02012101
02012101
01202212
02012101
20221201
21100211
10221201
01202212
21110211
20021201
20201201
01202212
01202212
20021201
11122202
11122202
20021201
01220201
01202212
01220201
10220210
12201110
12201110
12201110
12201110
12201110
12201110
12201120
12201110
12201110
12201110
12201110
12201110
12201110
11122202
12201110
20201201
20201201
12201110
12201120
20201201
11122202
12201110
11122202
11122202
11122202
