20100100
20100100
12212000
12212000
12212000
12212000
11012022
11012022
12212000
12212000
11012022
12212000
12212000
12212000
21022201
22001112
22001112
22001112
02212110
02212110
02212110
02212110
02212110
02212110
22012211
22012211
22012211
22012211
22012211
22012211
02212110
12202000
12110102
12212000
12212000
12212000
12212000
11110102
12212000
12110102
12212000
12212000
12212000
12212000
12222000
12222000
12212000
12212000
12212000
12212000
12212000
12212000
12212000
12212000
12212000
12212000
12212000
12212000
12212000
