20222112
20222112
11210220
20222112
20222112
20222112
20222112
12201110
20222112
20222112
20222112
20222112
12201110
10022101
10022101
10022101
10022101
10022101
10022101
11201110
12201110
10022101
00222221
10022101
10022101
10022101
10022101
12201110
12201110
12201110
11201110
12201110
10022100
12201110
12201110
12201110
12201210
12201110
12201110
12201110
12201110
12201110
12201110
12201110
12201110
12201110
12201110
11122202
11122202
11122202
11122202
11122202
11122201
11122202
11122201
11122202
11122202
11122202
11122202
