02011011
02011011
12102012
20021110
00222221
12201110
12201110
12101110
12201110
00222221
12201110
12201110
12201110
12201110
12210221
10010222
00222221
00222221
00222221
00222221
00222221
00222221
00222221
00222221
00222221
12201110
12201110
12201110
12201110
12201110
12201110
12201110
12201110
12201110
12201110
12201110
12201110
12201110
12212000
12212000
12201110
12201110
12212000
11212000
12212000
12201110
12212000
12201112
12212000
11122202
12201110
12201112
12212000
12212000
12212000
12212000
12212000
12212000
12212000
