02012000
02012000
00010220
11012022
11012022
11012022
11012022
21022201
20002220
21022201
21022201
21022201
21022201
22001112
21022201
22001112
21022201
22001112
21022201
21022201
20002220
12212000
02212110
02212110
02212110
02212110
02212110
12212000
12212000
12212000
12212000
12202000
12202000
11110002
12202000
21101010
11110102
21001010
21101010
21001010
21001010
22011211
22012211
21001010
21001010
21001010
21001010
21001010
21001010
21101010
21101010
02212110
12202000
21001010
21001010
21001010
21001010
22012211
10201222
