21002220
21002220
11212012
20111011
10201222
10201222
10201222
10201222
10201222
10201222
10201222
10201222
10201222
10201222
22012211
22012211
22012211
22012211
22012211
21101010
22012211
20111020
21101010
10201222
22012211
10201222
22012211
21101010
21101010
21101010
21101010
10201222
22012211
22010211
22012211
22010211
22012211
22012211
02212110
22012211
02212110
02212110
02212110
02212110
02212110
22012211
22012211
02212110
02212110
22012211
22012211
22012211
22012211
22012211
22012211
22012211
22012211
10201222
20102220
