10020221
10020221
01121121
00212002
22012211
22012211
22012211
22012211
22012211
22001112
20122221
22012211
20122221
22012211
22012211
22012211
22012211
22012211
22012211
22012211
22012211
10201222
10201222
10201222
21101010
21101010
20111020
20111020
10201222
22012211
10201222
10201222
22012211
22012211
22012211
22012211
22012211
22012211
22012211
22012211
22012211
22012211
00212112
00212112
00212112
00212112
00212112
00212112
00212112
01000020
01000020
01000020
01000020
01000020
01000020
01000020
01000020
01000020
01000020
