20012012
20012012
22001112
01121111
22001112
22001112
22012211
22012211
20122221
22012211
22012211
20122221
22012211
22012211
22012211
22012211
22001112
22012211
22012211
22012211
22012211
20111020
20111020
20111020
20121020
20111020
20111020
20111020
20111020
22012211
22012211
20111120
20111120
20111120
20111120
20111120
10201222
20111010
12202000
22012211
12202000
22012211
22012211
22012211
12202000
21101010
20111020
20111020
20111020
10201222
21101110
21101110
21101110
10201222
00212112
00212112
21001010
00212112
21001010
