10021022
10021022
20201201
11221212
00010220
00010220
10222011
02012101
10222011
01202212
10220210
11022000
12202101
02012101
00111120
02012101
02012101
02012101
20221201
02012101
01202212
02012101
21110211
20021201
20021201
01202212
01202212
01220201
01202212
01202212
11122202
20201201
01220201
20220212
11122202
11122202
11122202
11122202
11122202
11122202
00222221
00222221
01220201
20222221
00222221
00222221
00222221
00222221
12201110
00222221
11122202
11122202
11122202
11122202
11122202
11122202
11122202
11122202
12201110
