02010110
02010110
21012200
21210010
01022010
01202201
11020202
02010001
01212022
01101111
02220002
12110102
02220002
02220002
02220002
12212000
12212000
12212000
12212000
12212000
02220002
12212000
12212000
02220002
12212000
02220002
02220002
12212000
12212000
12212000
12110102
12110102
12110102
12110102
12110102
22012211
12212000
12222000
12212000
12212000
12212000
12212000
12211000
11110102
12212000
12212000
12212000
12212000
12212000
02110102
12211000
12212000
12212000
12212000
12212000
12201110
12212000
12212000
12212000
