21010222
21010222
21202120
20200111
02220002
02220002
02220002
22220002
02220002
12110102
12110102
12110102
12110102
12110102
02220002
02220002
02220102
02220002
02220002
02220002
02220002
12110102
02220002
12212000
12212000
12212000
12110102
12212000
12110102
12110102
12110102
12110102
12212000
12110102
12222000
12212000
12212000
12212000
12212000
12212000
12212000
12202000
12202000
12202000
12202000
02110102
12110102
00222221
12212000
12222000
12212000
12212000
12212000
12212000
12212000
12212000
12212000
12212000
12212000
