00102100
00102100
20010012
20121101
01120201
01220201
12021212
01220201
12202101
10220210
21002010
21002010
21002010
01220201
00111120
00112101
11022000
01220201
01220201
02002101
02002101
01220201
01220201
01220201
01220201
01220201
01220201
01202212
01220201
10220210
10220210
01202212
10220210
10220210
10220210
20201201
20201201
20201201
12201110
00222221
12212000
12201110
12212000
12212000
12201110
12201110
11122202
12201110
11122202
12201110
12201110
12201110
12201110
12201110
12201110
12201110
12201110
12201110
12201110
