12101211
12101211
21022000
02210120
02201101
01011001
00212002
01011001
11102111
01011001
11102111
01000020
00212002
01000020
00212002
00212002
00212002
00212002
11102111
20110000
01000020
00212002
00212002
01000020
01000020
01020020
11000020
11000020
01020020
11122202
11122202
11122202
01000020
01000020
21122202
11000020
11122202
11000020
01000020
01000020
01000020
01000020
01000020
01000020
01000020
01000020
11122202
11122202
11122202
11122202
11122202
11122202
01000020
11122202
11122202
21122202
11122202
01000020
12201110
