10200121
10200121
22111221
02220002
02220002
01101111
02220002
12112102
02220002
10010222
10010222
10010222
00222221
10010222
10022020
10010222
11012022
10010222
11012022
02220002
00222221
00222221
00222221
00222221
00222221
00222221
00222221
00222221
00222221
00222221
00222221
00222221
00222221
12212000
12212000
12212000
12212000
12212000
12212000
12212000
12201110
12212000
11212000
12212000
11212000
12212000
12201112
12212000
12212000
12201112
12212000
12201110
12212000
12212000
12212000
12212000
10122202
12212000
12212000
