20022010
20022010
21020222
20021001
01000020
01000020
01000020
01000020
01000020
01000020
01000020
00202002
00212002
00212002
00212002
01000020
01000020
00212002
00212002
00212002
01000020
11000020
11000020
11000020
11000020
11102111
00212002
01000020
01000020
00212002
01000020
11122202
01000020
01000020
01000020
11122202
01000020
01000020
20111120
01020020
11000020
22111020
22111020
01000020
11122202
11122202
11122202
11122202
11122202
11122202
01000020
01000020
11122202
01000020
01000022
01000020
01000020
01000020
01000020
