00120221
00120221
22001112
02210201
22001112
22001112
20122221
22001112
20122221
22001112
20122221
22001112
22001112
20122221
22012211
22001112
22012211
22012211
01000020
22012211
22012211
22012211
22012211
22012211
10201222
22012211
10201222
10201222
10201222
22012211
21101010
22012211
22012211
22012211
22012211
22012211
22010221
22012211
22012211
22012211
22012211
22012211
22012211
22012211
20111020
20111020
00212112
22012211
00212112
00212112
00212112
11101010
12202000
00212112
12202000
10201222
12202000
12202000
12101010
