22101111
22101111
20221102
22101111
20221102
22101111
11212202
22101111
11212202
22101111
11212202
11102021
11102021
11102021
11102021
11102021
11102021
11102021
11102021
11102021
11102021
11102021
11102021
11102021
20002220
20002220
20002220
20002220
20002220
20002220
20002220
20002220
20002220
10022101
21002220
12201110
12201110
20002220
12201110
20002220
20002220
22002220
22002220
12201110
02212110
20002220
20002220
20002220
20002220
20002220
12110102
20002220
11212000
12110102
20002220
22002220
22002220
22002220
22002220
