12000102
12000102
10100010
10112122
20110000
12022101
20110000
20110000
20110000
20110000
20110000
20110000
10201222
10211201
10201222
10201222
10201222
10201222
20111020
20111020
20111020
20111020
20111020
20111020
20111020
20111020
20111020
20111020
20111020
11122202
11122202
20111120
20111120
20111120
20111120
20111120
20111010
10201222
20111010
20111020
20111020
22012211
22012211
22012211
20111020
12002000
12202000
10201222
22012211
22012211
21101010
22012211
21101010
21101010
21101010
22012211
21001010
21001010
01212110
