01202110
01202110
21120012
21210010
01202201
11020202
02121012
20210021
00221001
20210021
01011020
12212000
11012022
12212000
12212000
12212000
12212000
12212000
12110122
12110102
02220002
02220002
02220002
02220002
12110102
02220002
12110102
12212000
12212000
12212000
12212000
02220002
12212000
12212000
12212000
12212000
12212000
12212000
12212000
12212000
12212000
12212000
12212000
11212000
12201110
12212000
12201110
12212000
12201112
12201112
11122202
12212000
12212000
12212000
12212000
12212000
12212000
12212000
12212000
