22022121
22022121
22010001
10210112
22212101
01220201
12202101
12202101
12202101
10220200
10220200
10220202
12202101
10220210
10220210
10220210
10220210
10220210
01202212
01202212
01202212
10220210
10220210
12201110
01202212
01202212
01202212
01202212
12110102
12110102
00222221
00222221
20201201
20201201
11122202
11122202
11122202
11122202
11122202
11122202
20201201
11122202
11122202
12201110
12201110
12112000
12201110
11122202
20201201
12201110
11122202
11122202
20201201
11122202
20201201
11122202
11122202
11122202
11122202
