01110100
01110100
11212001
22102012
22102012
22102012
12201110
00112101
20201201
20201201
10222011
20201201
00111120
00111120
02012101
02012101
20221201
02012101
21100211
20221201
01202212
01202212
01202212
01202212
11122202
11122202
11122202
11122202
11122202
11122202
11122202
11122202
11222202
11122202
11122202
11122202
10220210
21201201
20201201
11122202
20201201
11122202
20201201
11122202
11122202
11122202
11122202
11122202
11122202
11122202
11122202
11122202
11122202
11122202
22201201
22201201
22201201
22201201
22201201
