11211012
11211012
21122200
11022000
12020010
12021212
00111120
12201110
10220210
10220210
12210221
21002010
00112101
02012101
20201001
02012101
10220210
10210210
10220210
01220201
01220201
01220201
01220201
01220201
01220201
12110102
10220210
12110102
12110102
12110102
12110102
10220210
01220201
01220201
20201201
11122202
11122202
00222221
00222221
00222221
20201201
01220201
20201201
20201201
12212000
12201110
20201201
12201110
11122202
12201110
12201110
12201110
12201110
12201110
12201110
12201110
12201110
12201110
11122202
