12222211
12222211
20201201
21211021
00022012
20201201
10222011
10222011
12201110
11022000
12202101
22102012
11022000
12202101
00111120
10220211
02012101
01202212
01202212
01202212
10220210
10220210
10220210
02012101
10220210
10220210
10220210
10220210
10220210
10220210
20201201
01220201
20201201
01220201
11122202
20201201
11122202
11122202
01220201
20201201
01220201
20201201
20201201
12201110
12201110
12201110
00201201
11122202
12201110
12201110
12201110
12201110
12201110
12201110
12201110
12201110
12201110
20201201
20201201
