10011222
10011222
01200020
21020222
21020222
21020222
00202121
00202121
01000020
01000020
01000020
00212002
01000020
00212002
00212002
00212002
01000020
11102111
01000020
11102111
00212102
00212102
00212110
00212112
00212110
00212112
00212122
00212112
11000020
11000020
11000020
01000020
11122202
11122202
11122202
11000020
11120202
11122202
11122202
11122202
11122202
12201110
12201110
12201110
12201110
12201110
12201110
11122202
11122202
11000020
11122202
01000020
22201201
11122202
11122202
12201110
01000020
12201110
01000020
