20010111
20010111
21102110
11022010
11022010
11102111
11102111
11102111
20111020
22001112
10012020
22001112
20122221
20122221
22012211
22012211
22012211
21101010
22012211
20111020
22012211
20111020
20111020
20111020
20110200
02212110
21101010
10201222
21101010
10201222
21101010
22012211
22012211
22012211
22012211
22012211
22012211
22010221
22012211
22010221
22012211
00212002
22012211
22012221
22012211
00212112
00212112
00212112
00212112
00212112
00212112
11101010
00212112
12202000
11101010
11101010
00212112
11101010
11101010
