12020010
12020010
00112101
00111120
22001211
11102211
01000020
11102111
01000020
01000020
01000020
01000020
00212002
01000020
00212002
00212102
11102111
00212102
00212102
00212102
00212102
00212102
00212102
00212112
00212110
00212112
00212112
00212112
00212112
11000020
10022100
11000020
11122202
11122202
11000020
11122202
11122202
11122202
11122202
10022100
11122202
11122202
11122202
10022100
01000020
10022100
01000020
10022100
10022100
10020100
10020100
10022100
10022100
10020100
10020100
10020100
10020100
10020100
10020100
