20212021
20212021
01121121
11102111
01000020
01000020
01000020
01000020
01000020
01000020
01000020
01000020
21010022
01000020
01000020
01000020
00212002
01000020
01000020
01000020
01000020
11000020
11000020
01000020
11122202
11122202
11000020
11000020
11000020
11000020
11122202
11000020
11122202
11122202
11122202
11122202
01000020
01000020
01000020
11122202
00212112
00212112
11122202
01000020
11122202
01000020
11122202
01000020
11122202
01000020
01000020
01000020
01000020
10022100
01000020
22012211
01000020
22012211
22012211
