00122221
00122221
12201110
12201110
12201110
12210221
12210221
01220201
12210221
12210221
12210221
12210221
00112101
12210221
00112101
12210221
12210221
02012101
21220201
01220201
01220201
02012001
12110102
10220210
10220210
20201201
10220210
10220210
01220201
01202212
01220201
01220201
01202212
10220212
10220212
01220201
01220201
01220201
01220201
01220201
01220201
01220201
12201110
12201110
11122202
20201201
12201110
12201110
12201110
11122202
01000020
11122202
11112202
11122202
11112202
11122202
12201110
12201110
12201110
