21020021
21020021
20111011
11122202
01201120
11122202
12212000
12212000
10201222
10201222
10201222
01101210
01101210
20111020
10211201
10201222
01101210
20111020
20122221
20122221
20111020
22012212
22012211
22012211
22012211
20111020
10022101
22012211
10022101
22012211
10022101
22012211
22012211
22012211
22012211
22012211
22012211
22012211
22012211
22012211
22012211
22012211
22012211
22012211
22012211
00212112
20111020
20111020
00212112
00212112
00212112
10022100
10022100
10022100
10022100
10022100
10022100
10022100
10022100
