21122202
21122202
21001001
01112122
02012101
02012101
02012101
02012101
21010022
21100211
01202211
01202211
21100211
21100211
11022000
20201201
20201201
20201001
10220211
20201201
01202212
01202212
01202212
20201201
01202212
01202212
01202212
10220210
10220210
01220201
10220212
01220201
01220201
10220212
10220212
10220212
01220201
01220201
01220201
01220201
11122202
01220201
11122202
11122202
01220201
20201201
11122202
11122202
20201201
20201201
20201201
11122202
11122202
11122202
11122202
20201201
12201110
11122202
20201201
