02210220
02210220
02120211
10212202
20200111
22102200
21202222
02220002
02220002
12110102
12110102
12110102
12110102
12110102
12110102
12110102
11110102
12110102
11110102
12212000
12110102
21012022
11110102
12110102
12110102
12110102
02220002
02220002
12212000
12212000
12212000
12212000
12212000
12212000
12212000
12212000
12110102
12212000
12212000
12212000
12212000
12212000
12212000
12212000
12212000
11212000
02110102
12212000
10212000
12212000
12212000
12212000
12212000
12212000
12110102
12212000
12212000
12212000
12212000
