01120122
01120122
10021122
21101010
22220222
21101010
20121020
22001112
20121020
22012211
22012211
22012211
22012211
22012211
20122221
22012211
22012211
22012211
01000020
21101010
01000020
22012211
22012211
22012211
02212110
10201222
10201222
10201222
10201222
10201222
10201222
22012211
22012211
22012211
20111020
20111020
22012211
22010211
22012211
22012211
22012211
00212002
22012211
00212112
22012211
00212112
00212112
00212112
00212112
01000020
01000020
01000020
01000020
01000020
01002020
01000020
01000020
12201110
01000020
