22212210
22212210
20210010
02220101
21100211
02220101
21100211
01202212
21100211
01202212
02220101
11122202
11122202
11122202
11122202
11122202
01000020
11122202
11122202
01000020
01000020
01000020
01000020
12201110
12201110
01000020
01202212
01202212
11122202
11122202
01000020
01000020
11122202
01000020
11122202
11122202
11122202
11122202
11122202
11122202
11000020
11000020
01000020
12201110
12201110
12201110
12201110
01020021
12201110
12201110
12201110
11122202
11122202
01000020
11122202
01000020
11122200
11122200
01000020
