12210020
12210020
20210122
12021212
01220201
22212101
22212101
21010022
12201110
12201110
12201110
00111120
00111120
00111120
11022000
00111120
11022000
10220211
01202212
12201010
12201110
12201010
12201110
12201110
01202212
01202212
11201110
01202212
01202212
01202212
12201110
12201110
01202212
12201110
01202212
12201110
12201110
12201110
01220201
01220201
11000020
11000020
11122202
01220201
11122202
11000020
12111022
12111022
11000020
11000020
12111022
01000020
01000020
01000020
01000020
01000020
01000020
01000020
22201201
