11110102
11110102
12110200
21010212
20201201
21010212
20201201
11022000
00111120
02012101
00012101
02012101
20201201
20201001
02012101
02012101
20201201
20201201
20201001
20201201
20201201
20201201
01202212
02012001
02012101
20221201
01202212
01220201
01220201
01202212
01202212
01202212
01202212
01220201
01220201
12201110
12201110
01220201
01220201
01220201
01220201
11000020
12000020
01000020
01000020
01000020
11122202
01000020
11122202
11122202
11122202
11122202
11122202
11122202
11122202
11122202
11122202
11122200
12201110
