21001001
21001001
02220101
02220101
21100211
02220101
21100211
01202212
21100211
01202212
01202212
11122202
21100211
11122202
11122202
11122202
11122202
11122202
11122202
01000020
11122202
11122202
20201201
20021201
01000020
20201201
01202212
01202212
11122202
11122202
11122202
10220210
11122202
10220210
11122202
20201201
10220210
20201201
20201201
11122202
20201201
11122202
11122202
11122202
11122202
11122202
11122202
11122202
11122202
11122202
22201201
22201201
22201201
11122202
11122202
11122202
10020100
11122202
22201201
