20111011
20111011
11012011
20111011
12212000
22001112
22001112
22001112
21101010
21101010
21101010
10201222
10201222
21022201
02212110
11012022
11012022
10201222
22012211
22012211
10201222
21101010
10201222
10201222
21101010
21101010
21101010
21101010
21101010
21101010
21001010
21001010
21101010
02212110
02212110
21001010
02212110
12202000
21001010
02212110
21101010
21001010
21001010
21001010
21001010
21101010
21101010
21001010
21101010
21101010
20001010
21101010
21001010
11101010
11101010
11101010
11101010
11101010
11101010
