22001010
22001010
01220201
21212112
20021110
01220201
20021110
01220201
01220201
21002010
12202101
12210221
21002010
01220201
02012101
20201001
01202212
01202212
01202212
01202212
01202212
01202212
01202212
01202212
01202212
12201110
20201201
20201201
20201201
20201201
20201201
12201110
12201110
12200110
12201110
12201110
12201110
12201110
11122202
12201110
12201110
11122202
11122202
11122202
11122202
12201110
12201110
11122202
11122202
11122202
11122102
11122202
01222202
11122202
11122202
11122202
11122202
11122202
11122202
