01200222
01200222
00001220
11200002
02100111
12101211
01011001
21010022
01011001
21010022
01011001
01011001
20110000
01000020
20110200
20110000
20110000
20110000
20110000
20110000
20110000
01000020
01000020
00212002
11102111
00212002
00212002
11102111
01000020
00212002
01000020
01000020
01000020
01000020
01000020
01000020
01000020
01000020
01000020
01000020
01000020
11122202
10022100
01000020
11000020
01000020
10022100
01000020
10022100
10022100
10020100
10020100
10020100
10020100
10020100
10020100
10020100
22201201
22201201
