00222221
00222221
22211212
00222221
11210120
00222221
00222221
00222221
00222221
00222221
00222221
00222221
10010222
00222221
12210221
00222221
00222221
00222221
00222221
00222221
00222221
00222221
00222221
00222221
00222221
12201110
12201110
12201110
12201110
12201110
12201110
12201110
12201110
12201110
12201110
12201110
12201110
12201110
12201110
12201110
12201110
12212000
12212000
12201110
22212000
11212000
12201110
12212000
11212000
11212000
12212200
11212000
12201112
12212000
10110102
11122202
11122202
11122202
12201112
