00211111
00211111
12120220
01011121
22012211
00022012
12212000
02212110
20121020
22012211
22012211
22012211
21101010
21101010
21101010
21101010
10201222
22012211
21101010
10201222
10201222
10201222
02212110
02212110
10201222
10201222
02212110
21101010
20111020
22012211
02212110
22012211
20111020
20012211
22012211
22012211
22012211
22111020
02212110
22010221
20111010
22012211
22012211
12202000
22012211
12002000
12202000
10201222
22012211
22012211
21101010
21101010
21001010
21101010
22012211
10201222
21101010
21101010
21101010
