22210212
22210212
02121121
01120022
12012212
12012212
12210022
12201110
12201110
12201110
12201110
12201110
12201110
12201110
12201110
12201110
12201110
12201110
12201110
12201110
12201110
12201110
12201110
12201110
12201110
12201110
20201201
20201201
20201201
20201201
20201201
12201110
12201110
12201110
12201110
20201221
12201110
12201110
12201110
12201110
20201201
12201110
12201110
12201110
12201110
11122202
12201110
12200110
11122202
11122202
11122202
11122202
22201201
11122202
11122202
11122202
11122202
11122202
11122202
