21212212
21212212
00000100
21022000
02210120
02201101
21010022
12101211
20110000
01011001
01011001
22012211
22012211
22001111
20111020
22001112
22012211
22012211
20111020
20111020
20111020
20111020
20111020
20111020
20111020
20111020
20121020
20111020
20111020
22012211
22012211
21101010
21101010
22012211
22012211
22012211
22012211
22012211
22012211
22012211
22012211
02212110
02212110
01212110
20111020
20111020
20111020
20111020
20111020
20111020
00212112
20111020
00212112
22012211
00212112
00212112
22012211
22012211
22012211
