10221200
10221200
01121121
11102111
11102111
11102111
01000020
01000020
01000020
01000020
01000020
11102111
20222121
00212002
11102111
01000020
01000020
01000020
01000020
00212002
01000020
11000020
11000020
01000020
00212002
00212002
00212002
20111020
20111020
11122202
11122202
11122202
20111120
20111120
20111120
20111120
20111120
20111020
20111020
20111020
20111020
20111020
22012211
22012211
21101010
21101010
12202000
20111020
21101010
12202000
12202000
21101010
12202000
11101010
12202000
11101010
00212112
00212112
01000020
