00220211
00220211
21112222
10211201
10211201
10211201
10211201
01211012
10211201
10201122
10211201
10201222
10211201
10201222
10201222
20111020
10201222
20111020
10201222
20111020
20122221
10201222
10122121
10022101
10022101
10022101
20111020
10022101
10022101
10022101
10022101
22012211
22012211
22012211
22012211
22012211
22012211
00212002
00212002
00212002
00212112
11122202
11122202
00212112
00212112
00212112
00212112
00212112
00212112
00212112
01000020
01000020
01000020
01000020
01000020
01000020
01000020
01000020
01000020
