01112122
01112122
11200002
11200002
12101211
12101211
01011001
01011001
21010022
01011001
02100111
01011001
20110000
20110000
01000020
11102111
11102111
20110200
20110200
20110200
11102111
11102111
01000020
11000020
11000020
11000020
01000020
11000020
20111020
20121020
20121020
22012211
21101010
21101010
22012211
22012211
22012211
02212110
02212110
02212110
02212110
02212110
02212110
02212110
02212110
02212110
22012211
02212110
02212110
22012211
22012211
22012211
22012211
22012211
22012211
21101110
11101010
21001010
11101010
