12111112
12111112
00000121
20221021
12212000
01212022
01212022
12212000
01212022
20210021
11012022
12212000
11020202
02220002
12212000
12212000
12212000
12212000
12212000
12212000
11012022
02220002
02220002
12212000
02220002
12212000
11110102
12212000
11110102
12212000
12212000
12212000
12212000
12212000
22012211
11110102
11110102
11110102
11110102
12202000
22012211
12212000
12212000
12212000
02110102
12212000
12212000
12212000
12212000
12212000
12212000
12212000
12212000
12212000
12212000
12212000
12212000
12212000
12212000
