02120211
02120211
01101210
00022012
01101210
00022012
00022012
01101210
22012211
01101210
21101010
21101010
21101010
21101010
21101010
21101010
10201222
21101010
21101010
22012211
10201222
22012211
02212110
22012211
22012211
02212110
02212110
10201222
10201222
10201222
10201222
21001010
21001010
02212110
10201222
21001010
10201222
21001010
21001010
21001010
21001010
20111020
21001010
21101010
21001010
21001010
21101010
21101010
21001010
02212110
02212110
12202000
21001010
21001010
21001010
21001010
21001010
21101010
21101010
