10012020
10012020
10200201
00212002
00212002
02212110
22012211
22012211
22001112
22012211
22012211
22012211
22012211
22012211
22012211
22001112
22012211
22012211
22012211
22012211
22012211
22012211
22012211
21101010
20111020
20111020
21101010
21101010
22012211
22012211
22012211
22012211
22022211
22012211
22012211
02212110
22012211
22012211
22012211
22012211
22012211
02212110
02212110
20111020
02212110
20111020
20111020
20111020
20111020
00212112
20111020
00212112
00212112
12002000
00212112
00212112
22012211
22012211
00212112
