22222222
22222222
21222222
22222122
22222222
22220222
22202122
22022202
02220222
22222220
02220222
02220222
02220222
02221222
02220022
02221202
02221202
12221002
02021222
02021222
02021222
21202102
22202102
21200102
22102102
00221222
02222220
02222021
22020220
22221220
02221220
22222210
22101220
20201220
21202222
21220112
22101221
21222200
20222111
11202202
02202210
11202102
11222102
11202102
21210220
22102211
20000221
20210221
01220220
00000222
22100011
20110221
12122110
02122110
12122010
20120212
02121010
20020212
20020122
21020012
22020022
00020122
20020111
00020102
20020111
00020102
12020111
