22222222
22222222
22222222
22222222
12022022
22202222
22002222
22022212
22022122
22202222
22122122
12202111
22202122
12120222
12120212
22220202
22202212
02221222
02221222
11202102
02221221
02021220
02221221
02021220
02001222
02122220
22220220
22222220
02222021
02222020
22222210
22220220
21101220
21220212
21220012
22101221
21220112
22100221
21100212
22100101
11001212
11222220
20000001
20012001
10010121
10021120
20220220
20000221
20210222
20210221
20000221
11220221
11220221
10000221
20020222
12000221
20020222
12000221
00020122
22000221
00020120
20020112
00020102
20020111
00020102
22020111
00022002
