22222222
22222222
22222212
22122222
22222222
02022212
02022212
22221222
22222222
02222222
20022001
01201022
02211022
22102222
22022022
22221021
22022022
12112111
12102101
12100111
12202111
12202111
12202110
12202111
02102211
02102220
22212200
21020011
21010011
21020011
21020001
02002121
22200020
11020011
01020011
22020011
02201112
02201220
02201220
02212220
20000111
01021120
10000111
00022120
02201222
22110220
11120110
10120110
22010020
22110201
11120211
11120201
21120221
21120201
22000022
20000012
11020201
20000012
22101001
11120210
21121210
10120220
12110210
00111001
11100220
11110220
11112021
