22222222
22222222
22222222
22222122
22220122
12221122
20221122
22210222
22222021
21120222
12020021
22002022
22222001
22002022
22222021
11002122
00001222
12000102
22002102
00002222
22222220
12222100
22222220
00002122
22221220
22221220
02222021
22222220
22222220
02000201
02000020
22000220
02200220
02010221
12010221
22020221
22020211
02220211
21020201
02120022
11020122
10020121
21020021
10020121
10020221
20000221
22000221
20100221
20100021
20000120
21020120
20000110
21122120
22121120
21220210
20001001
22111001
22101001
02121001
22121201
22102000
22121201
22202000
22002002
22002202
21121201
22000002
