22222222
22222222
22222221
21122222
02202222
22222222
22222122
22221202
22221202
12221202
12022121
22002022
22222021
22002022
22222021
20000022
12010001
02222022
20222021
12222102
22022020
22222200
12221102
02002202
00002122
02002122
02000222
02022122
02000222
02000222
22000222
01000221
02010221
02010221
02010221
22010221
02020220
21020201
21010121
21020001
21120200
21020001
11220121
12020001
21220220
22120120
22000211
22100220
22101011
22100220
22201012
22101011
22000012
22101011
22101001
22010012
20101001
22101001
02101001
22101211
22201001
10122210
12202000
20101201
12221121
21202000
22020202
