22222222
22222222
22222222
22222122
22222122
22221122
22201122
22221222
22120122
22120022
22002122
22002122
12201221
22222021
22212021
12010011
12222102
02222022
12220010
00202022
12100111
11202111
12212111
20020012
20222220
22212200
21020011
22002101
02202121
21021001
02102121
01020011
01120011
02202111
02202101
02200110
12202111
02202112
02202011
22112220
02202011
20000111
01021120
01022100
02201222
12110210
12120110
22010120
22100210
22011120
11120211
11120221
21120201
22001111
00000012
22000002
22101001
01020201
21100210
10120210
10110210
00121001
10110210
01110220
02121201
22002002
21011222
