22222222
22222222
22222222
22222212
22222222
12222222
22222221
12222222
22221221
12220222
12221222
12002222
12021222
12221212
12202122
00002222
00002122
22220021
00001122
00001122
00002122
00002122
12222102
02021222
02221021
02221021
02222220
12222220
22222220
02222021
02220021
02020021
02120021
02020021
22100222
22222220
22222220
20222210
22220222
02120022
11020121
10020121
21120001
10020121
20010221
20000221
20000221
22100221
20000121
10000221
20010221
10000221
21020120
21210221
01220221
21211221
12000221
12000201
12000221
00020120
20020122
00020120
20020112
00020102
20020111
00020102
22020112
