22222222
22222222
22222222
22222222
21102222
22220212
12202212
22120211
22222210
02202122
22202122
12220222
12200211
22202222
12220211
12221212
22220202
10002222
00002222
00001222
12222102
12222102
22222210
02002222
02002122
00102121
00102122
02022122
02021122
01121122
22000122
10102021
02010221
02110221
01002220
11121002
22020221
02000220
21021221
21020021
11202212
11220121
20020201
10020121
20020211
20020221
10000221
20220221
20210221
21220220
11220220
10000021
11200221
11220021
12000221
10001221
20020012
21120212
20020012
21121212
11122120
12122220
12122020
22220220
02210220
22220220
00000112
