22222222
22222222
22222222
22222222
22222221
22120212
22220212
22110112
22202222
22222021
12202220
21222012
01201022
21102222
02001022
22222021
22222021
20002002
22222021
22222021
12100110
22100110
12100110
02021221
02011220
02222020
01222210
00201221
01222210
01222210
21220212
01220212
21210211
21110210
21200212
21200222
21222200
21222220
21220112
21020212
21220212
21221220
11020122
10021121
21020221
20000221
20000222
20000121
20000221
21220220
21220222
22221120
11110201
01220222
-1
-1
-1
-1
-1
-1
-1
-1
-1
-1
-1
-1
-1
