22222222
22222222
22222222
22222222
22222221
10222222
22221221
12222122
22121221
12221222
12202220
10202222
20202222
02202122
00002222
12102122
00012222
00002122
22002100
02002222
22212220
00002222
00002222
02002222
00002122
00102122
02000222
02022122
02021122
02012222
22000222
10112022
01002121
02000120
02110221
02000220
02000220
02002220
21021221
21021221
02220121
02110022
02110022
10020121
11222021
11020121
20000222
20200221
00100221
20000221
20100121
00000221
21002121
22020222
20022221
20000221
20122221
20020121
21120210
21120212
00020022
20020022
10020022
20020012
21202000
21202000
11221121
