22222222
22222222
20222222
11222222
22212222
22221122
22122122
12222122
12121122
12222022
22202122
22202122
22202122
21202122
22202122
22202222
21202002
21202102
21202102
11202102
02221221
02221222
02021222
02021222
02021220
02021222
22222220
02221011
22222220
20222220
22122222
02000220
02020221
22210221
02010221
22222220
20220211
22222221
22222200
02120022
11020121
11020001
11020121
10020122
10020121
20020221
20210221
20000221
21020110
21120210
20000221
22120120
00000011
10021221
12222111
20000221
21200121
21200121
11200120
22120120
22120120
02221121
22222121
22222220
22222220
20222121
00002112
