22222222
22222222
22222222
22202222
22102222
20221222
21222122
12012220
20022022
20022022
22012021
10002021
02221022
20201022
21202222
20201022
12122111
22202021
12102111
12102111
12202111
02102111
12202121
02102211
12002121
12002121
21020011
21020011
22002101
21020001
00020011
01020011
01020011
02201111
02202011
02000111
02202011
22000211
02201011
02201220
02201220
22100211
22110211
20100211
22110201
22102211
22000211
20121120
02100211
22221120
21120222
21220222
21112200
22101001
20000012
21120210
22102001
22101001
02121001
22002001
02121001
02121001
22002001
22022002
22002202
02121201
22201102
